<!DOCTYPE HTML>
<html>
  <head>
    <meta charset="UTF-8">
    <title>STREME Results</title>
    <script>
      // @JSON_VAR data
      var data = {
        "program": "streme",
        "version": "5.3.2",
        "release": "Sat Feb 6 16:38:33 2021 -0800",
        "cmd": [
          "streme", "--dna", "--objfun", "de", "--o",
          "/data/zhendi/protocol/streme_result/result1", "--p", "Mod.fa"
        ],
        "options": {
          "strands": "both",
          "objfun": "Differential Enrichment",
          "test": "Binomial Test",
          "minw": 8,
          "maxw": 15,
          "kmer": 3,
          "hofract": 0.1,
          "neval": 25,
          "nref": 4,
          "niter": 20,
          "patience": 3,
          "seed": 0,
          "useer": false,
          "minscore": 0,
          "ignore_depth": 5,
          "nsubsets": 1,
          "min_pal_ratio": 0.85,
          "max_pal_ed": 5,
          "cand": false,
          "experimental": false,
          "totallength": 0,
          "stop": {
            "pvt": "0.05"
          }
        },
        "alphabet": {
          "name": "DNA",
          "like": "dna",
          "ncore": 4,
          "symbols": [
            {
              "symbol": "A",
              "name": "Adenine",
              "colour": "CC0000",
              "complement": "T"
            }, {
              "symbol": "C",
              "name": "Cytosine",
              "colour": "0000CC",
              "complement": "G"
            }, {
              "symbol": "G",
              "name": "Guanine",
              "colour": "FFB300",
              "complement": "C"
            }, {
              "symbol": "T",
              "aliases": "U",
              "name": "Thymine",
              "colour": "008000",
              "complement": "A"
            }, {
              "symbol": "N",
              "aliases": "X.",
              "name": "Any base",
              "equals": "ACGT"
            }, {
              "symbol": "V",
              "name": "Not T",
              "equals": "ACG"
            }, {
              "symbol": "H",
              "name": "Not G",
              "equals": "ACT"
            }, {
              "symbol": "D",
              "name": "Not C",
              "equals": "AGT"
            }, {
              "symbol": "B",
              "name": "Not A",
              "equals": "CGT"
            }, {
              "symbol": "M",
              "name": "Amino",
              "equals": "AC"
            }, {
              "symbol": "R",
              "name": "Purine",
              "equals": "AG"
            }, {
              "symbol": "W",
              "name": "Weak",
              "equals": "AT"
            }, {
              "symbol": "S",
              "name": "Strong",
              "equals": "CG"
            }, {
              "symbol": "Y",
              "name": "Pyrimidine",
              "equals": "CT"
            }, {
              "symbol": "K",
              "name": "Keto",
              "equals": "GT"
            }
          ]
        },
        "background": {
          "freqs": [0.275, 0.225, 0.225, 0.275]
        },
        "train_positives": {
          "file": "Mod.fa",
          "count": 8057,
          "positions": 15147550
        },
        "train_negatives": {
          "from": "shuffled",
          "count": 8057,
          "positions": 14357068
        },
        "test_positives": {
          "count": 895,
          "positions": 1202234
        },
        "test_negatives": {
          "count": 895,
          "positions": 1202213
        },
        "sequence_db": {},
        "motifs": [
          {
            "db": 0,
            "id": "1-CCTGTAATCCCAGC",
            "alt": "STREME-1",
            "width": 14,
            "initial_width": 14,
            "seed": "CCTGTAATCCCAGC",
            "score_threshold": 15.8558,
            "train_pos_count": 771,
            "train_neg_count": 0,
            "train_log_pvalue": -223.174,
            "train_pvalue": "6.7e-224",
            "train_dtc": -1.0,
            "train_bernoulli": 0.513481,
            "test_pos_count": 72,
            "test_neg_count": 0,
            "test_log_pvalue": -21.6739,
            "test_pvalue": "2.1e-022",
            "test_dtc": -1.0,
            "test_bernoulli": 0.513481,
            "elapsed_time": 263.9,
            "len": 14,
            "nsites": 843,
            "evalue": "2.1e-022",
            "pwm": [
              [0.00267476, 0.990675, 0.00397533, 0.00267476], 
              [5.40426e-05, 0.993296, 0.00266497, 0.00398512], 
              [0.0013644, 4.42525e-05, 4.42525e-05, 0.998547], 
              [0.00791619, 0.00135461, 0.989365, 0.0013644], 
              [5.40426e-05, 0.00135461, 4.42525e-05, 0.998547], 
              [0.995926, 0.00135461, 0.00266497, 5.40426e-05], 
              [0.969719, 4.42525e-05, 0.0301825, 5.40426e-05], 
              [5.40426e-05, 0.00397533, 4.42525e-05, 0.995926], 
              [5.40426e-05, 0.993296, 0.00135461, 0.00529548], 
              [5.40426e-05, 0.998537, 4.42525e-05, 0.0013644], 
              [0.00267476, 0.97102, 4.42525e-05, 0.0262612], 
              [0.997237, 4.42525e-05, 0.00135461, 0.0013644], 
              [0.0157783, 4.42525e-05, 0.984123, 5.40426e-05], 
              [5.40426e-05, 0.997227, 4.42525e-05, 0.00267476]
            ]
          }, {
            "db": 0,
            "id": "2-CCACCACGCCCGGCT",
            "alt": "STREME-2",
            "width": 15,
            "initial_width": 8,
            "seed": "CCACCACGCCCGGCT",
            "score_threshold": 15.6688,
            "train_pos_count": 773,
            "train_neg_count": 10,
            "train_log_pvalue": -204.528,
            "train_pvalue": "3.0e-205",
            "train_dtc": -1.0,
            "train_bernoulli": 0.513481,
            "test_pos_count": 74,
            "test_neg_count": 1,
            "test_log_pvalue": -20.6962,
            "test_pvalue": "2.0e-021",
            "test_dtc": -1.0,
            "test_bernoulli": 0.513481,
            "elapsed_time": 1804.5,
            "len": 15,
            "nsites": 847,
            "evalue": "2.0e-021",
            "pwm": [
              [5.34344e-05, 0.988189, 0.00133936, 0.0104183], 
              [5.34344e-05, 0.986893, 0.00263497, 0.0104183], 
              [0.988199, 0.00393058, 0.00781741, 5.34344e-05], 
              [0.00394026, 0.99078, 0.00133936, 0.00394026], 
              [0.00134904, 0.97912, 4.37544e-05, 0.0194876], 
              [0.796772, 0.00133936, 0.201835, 5.34344e-05], 
              [0.00523587, 0.760243, 0.00133936, 0.233182], 
              [0.108561, 0.00133936, 0.890046, 5.34344e-05], 
              [5.34344e-05, 0.984302, 4.37544e-05, 0.0156007], 
              [5.34344e-05, 0.985598, 0.00133936, 0.0130095], 
              [0.00134904, 0.834335, 0.00133936, 0.162977], 
              [0.243547, 4.37544e-05, 0.755061, 0.00134904], 
              [0.00134904, 4.37544e-05, 0.998554, 5.34344e-05], 
              [5.34344e-05, 0.997258, 0.00133936, 0.00134904], 
              [0.00134904, 0.254874, 0.0117042, 0.732073]
            ]
          }, {
            "db": 0,
            "id": "3-CCAGCCTGGGCAACA",
            "alt": "STREME-3",
            "width": 15,
            "initial_width": 15,
            "seed": "CCAGCCTGGGCAACA",
            "score_threshold": 16.3924,
            "train_pos_count": 758,
            "train_neg_count": 2,
            "train_log_pvalue": -214.576,
            "train_pvalue": "2.7e-215",
            "train_dtc": -1.0,
            "train_bernoulli": 0.513481,
            "test_pos_count": 66,
            "test_neg_count": 0,
            "test_log_pvalue": -19.8677,
            "test_pvalue": "1.4e-020",
            "test_dtc": -1.0,
            "test_bernoulli": 0.513481,
            "elapsed_time": 570.6,
            "len": 15,
            "nsites": 824,
            "evalue": "1.4e-020",
            "pwm": [
              [0.00288364, 0.985709, 0.0014604, 0.0099471], 
              [0.00429633, 0.982883, 0.0014604, 0.0113598], 
              [0.995608, 4.77083e-05, 0.00428578, 5.82631e-05], 
              [0.0099471, 0.0014604, 0.988534, 5.82631e-05], 
              [0.00147095, 0.985709, 0.00428578, 0.00853441], 
              [0.00147095, 0.995598, 0.0014604, 0.00147095], 
              [0.00147095, 0.0024762, 0.0014604, 0.994592], 
              [0.00712172, 0.0014604, 0.99136, 5.82631e-05], 
              [0.00570903, 0.00428578, 0.988534, 0.00147095], 
              [0.0099471, 0.0805711, 0.905185, 0.00429633], 
              [5.82631e-05, 0.989947, 0.00287309, 0.00712172], 
              [0.900958, 4.77083e-05, 0.0961107, 0.00288364], 
              [0.997021, 0.00287309, 4.77083e-05, 5.82631e-05], 
              [5.82631e-05, 0.994185, 4.77083e-05, 0.00570903], 
              [0.992783, 0.0014604, 4.77083e-05, 0.00570903]
            ]
          }, {
            "db": 0,
            "id": "4-AGTGCAGTGGCGCGA",
            "alt": "STREME-4",
            "width": 15,
            "initial_width": 11,
            "seed": "AGTGCAGTGGCGCGA",
            "score_threshold": 15.9255,
            "train_pos_count": 692,
            "train_neg_count": 2,
            "train_log_pvalue": -195.559,
            "train_pvalue": "2.8e-196",
            "train_dtc": -1.0,
            "train_bernoulli": 0.513481,
            "test_pos_count": 66,
            "test_neg_count": 0,
            "test_log_pvalue": -19.8677,
            "test_pvalue": "1.4e-020",
            "test_dtc": -1.0,
            "test_bernoulli": 0.513481,
            "elapsed_time": 2365.2,
            "len": 15,
            "nsites": 758,
            "evalue": "1.4e-020",
            "pwm": [
              [0.996933, 0.00150334, 0.00150334, 5.99761e-05], 
              [0.00587688, 4.9111e-05, 0.994014, 5.99761e-05], 
              [5.99761e-05, 0.00586601, 0.00150334, 0.992571], 
              [0.0233276, 0.00150334, 0.975109, 5.99761e-05], 
              [0.00296843, 0.988197, 4.9111e-05, 0.00878533], 
              [0.992571, 0.00150334, 0.00586601, 5.99761e-05], 
              [0.136757, 4.9111e-05, 0.860225, 0.00296843], 
              [5.99761e-05, 0.0116829, 4.9111e-05, 0.988208], 
              [0.00296843, 4.9111e-05, 0.996922, 5.99761e-05], 
              [0.0160565, 4.9111e-05, 0.983834, 5.99761e-05], 
              [0.00442265, 0.765701, 4.9111e-05, 0.229828], 
              [0.233465, 4.9111e-05, 0.759155, 0.00733111], 
              [0.00587688, 0.819507, 0.00732024, 0.167296], 
              [0.129486, 0.0124116, 0.852225, 0.00587688], 
              [0.992571, 4.9111e-05, 0.00732024, 5.99761e-05]
            ]
          }, {
            "db": 0,
            "id": "5-GAACTCCTGACCTCA",
            "alt": "STREME-5",
            "width": 15,
            "initial_width": 15,
            "seed": "GAACTCCTGACCTCA",
            "score_threshold": 17.1045,
            "train_pos_count": 699,
            "train_neg_count": 1,
            "train_log_pvalue": -199.796,
            "train_pvalue": "1.6e-200",
            "train_dtc": -1.0,
            "train_bernoulli": 0.513481,
            "test_pos_count": 64,
            "test_neg_count": 0,
            "test_log_pvalue": -19.2657,
            "test_pvalue": "5.4e-020",
            "test_dtc": -1.0,
            "test_bernoulli": 0.513481,
            "elapsed_time": 2084.8,
            "len": 15,
            "nsites": 763,
            "evalue": "5.4e-020",
            "pwm": [
              [0.0979019, 0.00292631, 0.899112, 5.93424e-05], 
              [0.998405, 4.85921e-05, 4.85921e-05, 0.0014982], 
              [0.873224, 4.85921e-05, 4.85921e-05, 0.126679], 
              [5.93424e-05, 0.992638, 4.85921e-05, 0.00725365], 
              [0.0014982, 0.00868176, 4.85921e-05, 0.989771], 
              [5.93424e-05, 0.989761, 0.00580403, 0.00437592], 
              [5.93424e-05, 0.982566, 0.00148745, 0.0158868], 
              [5.93424e-05, 0.0302647, 0.00292631, 0.96675], 
              [0.0101314, 0.00292631, 0.986883, 5.93424e-05], 
              [0.917828, 4.85921e-05, 0.0820637, 5.93424e-05], 
              [0.0115702, 0.940839, 0.0403367, 0.00725365], 
              [5.93424e-05, 0.9912, 4.85921e-05, 0.00869251], 
              [5.93424e-05, 0.00148745, 0.00148745, 0.996966], 
              [0.0014982, 0.987107, 4.85921e-05, 0.0113462], 
              [0.705101, 0.00148745, 0.290474, 0.00293706]
            ]
          }, {
            "db": 0,
            "id": "6-AGAATCGCTTGAACC",
            "alt": "STREME-6",
            "width": 15,
            "initial_width": 15,
            "seed": "AGAATCGCTTGAACC",
            "score_threshold": 16.3804,
            "train_pos_count": 700,
            "train_neg_count": 4,
            "train_log_pvalue": -193.861,
            "train_pvalue": "1.4e-194",
            "train_dtc": -1.0,
            "train_bernoulli": 0.513481,
            "test_pos_count": 63,
            "test_neg_count": 0,
            "test_log_pvalue": -18.9646,
            "test_pvalue": "1.1e-019",
            "test_dtc": -1.0,
            "test_bernoulli": 0.513481,
            "elapsed_time": 2641.2,
            "len": 15,
            "nsites": 763,
            "evalue": "1.1e-019",
            "pwm": [
              [0.994503, 0.00147351, 0.00396486, 5.87863e-05], 
              [0.0114618, 0.00289889, 0.984155, 0.00148416], 
              [0.952808, 4.81367e-05, 0.0470855, 5.87863e-05], 
              [0.99842, 4.81367e-05, 0.00147351, 5.87863e-05], 
              [0.00148416, 0.00147351, 0.00147351, 0.995569], 
              [0.00861104, 0.777944, 0.0428094, 0.170636], 
              [0.155065, 0.0100258, 0.831999, 0.00290954], 
              [0.00290954, 0.987006, 0.00147351, 0.00861104], 
              [0.00433491, 0.0143019, 0.0456602, 0.935703], 
              [0.00148416, 0.00574964, 0.00860039, 0.984166], 
              [0.00290954, 4.81367e-05, 0.992707, 0.00433491], 
              [0.999845, 4.81367e-05, 4.81367e-05, 5.87863e-05], 
              [0.957084, 4.81367e-05, 0.0399587, 0.00290954], 
              [0.00290954, 0.981773, 4.81367e-05, 0.0152698], 
              [0.00148416, 0.975603, 0.00147351, 0.0214394]
            ]
          }, {
            "db": 0,
            "id": "7-CCTGCCTCAGCCTCC",
            "alt": "STREME-7",
            "width": 15,
            "initial_width": 15,
            "seed": "CCTGCCTCAGCCTCC",
            "score_threshold": 18.2176,
            "train_pos_count": 738,
            "train_neg_count": 1,
            "train_log_pvalue": -211.061,
            "train_pvalue": "8.7e-212",
            "train_dtc": -1.0,
            "train_bernoulli": 0.513481,
            "test_pos_count": 68,
            "test_neg_count": 1,
            "test_log_pvalue": -18.9257,
            "test_pvalue": "1.2e-019",
            "test_dtc": -1.0,
            "test_bernoulli": 0.513481,
            "elapsed_time": 881.8,
            "len": 15,
            "nsites": 806,
            "evalue": "1.2e-019",
            "pwm": [
              [5.58173e-05, 0.983602, 0.00275248, 0.0135897], 
              [0.00546937, 0.986592, 0.00410587, 0.00383264], 
              [5.58173e-05, 0.0826024, 0.00410587, 0.913236], 
              [0.0406575, 0.00275248, 0.953827, 0.00276259], 
              [5.58173e-05, 0.998563, 4.57056e-05, 0.0013354], 
              [5.58173e-05, 0.990369, 4.57056e-05, 0.00952954], 
              [5.58173e-05, 0.00816604, 0.00275248, 0.989026], 
              [5.58173e-05, 0.995782, 4.57056e-05, 0.00411598], 
              [0.921356, 4.57056e-05, 0.0785422, 5.58173e-05], 
              [0.00276259, 4.57056e-05, 0.997136, 5.58173e-05], 
              [5.58173e-05, 0.995782, 4.57056e-05, 0.00411598], 
              [0.00140921, 0.991722, 4.57056e-05, 0.00682276], 
              [5.58173e-05, 4.57056e-05, 4.57056e-05, 0.999853], 
              [0.00140921, 0.994429, 4.57056e-05, 0.00411598], 
              [5.58173e-05, 0.995782, 4.57056e-05, 0.00411598]
            ]
          }, {
            "db": 0,
            "id": "8-AAAAAAAAAAGAAAA",
            "alt": "STREME-8",
            "width": 15,
            "initial_width": 12,
            "seed": "AAAAAAAAAAGAAAA",
            "score_threshold": 17.9716,
            "train_pos_count": 664,
            "train_neg_count": 27,
            "train_log_pvalue": -152.23,
            "train_pvalue": "5.9e-153",
            "train_dtc": -1.0,
            "train_bernoulli": 0.513481,
            "test_pos_count": 69,
            "test_neg_count": 2,
            "test_log_pvalue": -17.9651,
            "test_pvalue": "1.1e-018",
            "test_dtc": -1.0,
            "test_bernoulli": 0.513481,
            "elapsed_time": 4032.4,
            "len": 15,
            "nsites": 733,
            "evalue": "1.1e-018",
            "pwm": [
              [0.991174, 0.00278677, 0.00455253, 0.00148677], 
              [0.993137, 0.00394285, 0.00169966, 0.00122033], 
              [0.983064, 0.00549858, 0.00808168, 0.00335608], 
              [0.968161, 0.00523456, 0.0226162, 0.00398789], 
              [0.968016, 0.00682752, 0.023321, 0.00183526], 
              [0.960135, 0.00478762, 0.0329382, 0.00213921], 
              [0.955139, 0.00374425, 0.0344721, 0.00664435], 
              [0.995002, 0.000676103, 0.00096594, 0.00335608], 
              [0.997933, 5.55245e-05, 0.00114576, 0.000865909], 
              [0.982884, 0.0135016, 0.00239384, 0.00122033], 
              [0.272078, 0.0370251, 0.689484, 0.0014134], 
              [0.962003, 0.0082762, 0.0115961, 0.018125], 
              [0.981197, 0.0100933, 0.0018849, 0.00682509], 
              [0.945332, 0.0082762, 0.0280058, 0.0183863], 
              [0.954838, 0.00447898, 0.0239437, 0.0167398]
            ]
          }, {
            "db": 0,
            "id": "9-AGACTCCGTCTCAAA",
            "alt": "STREME-9",
            "width": 15,
            "initial_width": 12,
            "seed": "AGACTCCGTCTCAAA",
            "score_threshold": 17.0426,
            "train_pos_count": 657,
            "train_neg_count": 2,
            "train_log_pvalue": -185.46,
            "train_pvalue": "3.5e-186",
            "train_dtc": -1.0,
            "train_bernoulli": 0.513481,
            "test_pos_count": 59,
            "test_neg_count": 0,
            "test_log_pvalue": -17.7605,
            "test_pvalue": "1.7e-018",
            "test_dtc": -1.0,
            "test_bernoulli": 0.513481,
            "elapsed_time": 2914.9,
            "len": 15,
            "nsites": 716,
            "evalue": "1.7e-018",
            "pwm": [
              [0.996779, 0.00157893, 5.15807e-05, 0.00159035], 
              [0.0773122, 5.15807e-05, 0.922573, 6.29921e-05], 
              [0.999834, 5.15807e-05, 5.15807e-05, 6.29921e-05], 
              [6.29921e-05, 0.976912, 0.00310629, 0.0199186], 
              [0.00159035, 0.0611457, 5.15807e-05, 0.937212], 
              [6.29921e-05, 0.993713, 5.15807e-05, 0.00617241], 
              [6.29921e-05, 0.798858, 5.15807e-05, 0.201028], 
              [0.256658, 0.00310629, 0.740172, 6.29921e-05], 
              [6.29921e-05, 0.00310629, 5.15807e-05, 0.996779], 
              [6.29921e-05, 0.996768, 5.15807e-05, 0.0031177], 
              [6.29921e-05, 5.15807e-05, 0.00310629, 0.996779], 
              [6.29921e-05, 0.981494, 0.0092157, 0.00922711], 
              [0.964705, 0.0183798, 0.0137978, 0.0031177], 
              [0.995252, 0.00157893, 0.00310629, 6.29921e-05], 
              [0.99067, 0.00157893, 0.00310629, 0.00464505]
            ]
          }, {
            "db": 0,
            "id": "10-GCTCACTGCARCCTC",
            "alt": "STREME-10",
            "width": 15,
            "initial_width": 10,
            "seed": "GCTCACTGCAGCCTC",
            "score_threshold": 16.9938,
            "train_pos_count": 719,
            "train_neg_count": 2,
            "train_log_pvalue": -203.337,
            "train_pvalue": "4.6e-204",
            "train_dtc": -1.0,
            "train_bernoulli": 0.513481,
            "test_pos_count": 63,
            "test_neg_count": 1,
            "test_log_pvalue": -17.4528,
            "test_pvalue": "3.5e-018",
            "test_dtc": -1.0,
            "test_bernoulli": 0.513481,
            "elapsed_time": 1233.4,
            "len": 15,
            "nsites": 782,
            "evalue": "3.5e-018",
            "pwm": [
              [0.0110692, 0.00143651, 0.983268, 0.00422607], 
              [0.0014469, 0.979656, 0.00560527, 0.0132913], 
              [0.00283648, 0.00699486, 0.00143651, 0.988732], 
              [5.73102e-05, 0.987958, 0.00560527, 0.00637983], 
              [0.990122, 0.00421569, 0.00560527, 5.73102e-05], 
              [0.00283648, 0.976215, 0.00421569, 0.0167324], 
              [0.00351769, 0.016722, 4.69281e-05, 0.979713], 
              [0.0153428, 4.69281e-05, 0.984553, 5.73102e-05], 
              [0.0014469, 0.980384, 4.69281e-05, 0.0181219], 
              [0.988732, 0.0028261, 0.00699486, 0.0014469], 
              [0.536438, 0.0028261, 0.45512, 0.00561566], 
              [0.00283648, 0.972047, 0.0195011, 0.00561566], 
              [0.00629687, 0.991445, 4.69281e-05, 0.00221107], 
              [0.00422607, 0.0028261, 4.69281e-05, 0.992901], 
              [0.0014469, 0.976215, 0.00143651, 0.0209011]
            ]
          }, {
            "db": 0,
            "id": "11-ACTTTGGGAGGCCRA",
            "alt": "STREME-11",
            "width": 15,
            "initial_width": 9,
            "seed": "ACTTTGGGAAGCCGA",
            "score_threshold": 16.4441,
            "train_pos_count": 609,
            "train_neg_count": 1,
            "train_log_pvalue": -173.818,
            "train_pvalue": "1.5e-174",
            "train_dtc": -1.0,
            "train_bernoulli": 0.513481,
            "test_pos_count": 56,
            "test_neg_count": 0,
            "test_log_pvalue": -16.8575,
            "test_pvalue": "1.4e-017",
            "test_dtc": -1.0,
            "test_bernoulli": 0.513481,
            "elapsed_time": 3209.8,
            "len": 15,
            "nsites": 665,
            "evalue": "1.4e-017",
            "pwm": [
              [0.991335, 5.56085e-05, 0.00854139, 6.79111e-05], 
              [6.79111e-05, 0.989929, 5.56085e-05, 0.00994765], 
              [6.79111e-05, 5.56085e-05, 5.56085e-05, 0.999821], 
              [6.79111e-05, 0.00334885, 5.56085e-05, 0.996528], 
              [0.00171453, 0.0181685, 0.00170223, 0.978415], 
              [0.0066544, 5.56085e-05, 0.993222, 6.79111e-05], 
              [0.021474, 0.00334885, 0.971816, 0.00336116], 
              [0.00994765, 0.00334885, 0.986636, 6.79111e-05], 
              [0.994881, 0.00499548, 5.56085e-05, 6.79111e-05], 
              [0.0461734, 5.56085e-05, 0.952056, 0.00171453], 
              [0.0231206, 0.00170223, 0.966876, 0.00830103], 
              [0.00336116, 0.980049, 0.00170223, 0.0148875], 
              [0.0066544, 0.910891, 0.0148752, 0.0675795], 
              [0.525593, 0.00170223, 0.46605, 0.0066544], 
              [0.981708, 0.0066421, 0.0066421, 0.00500778]
            ]
          }, {
            "db": 0,
            "id": "12-TAGTAGAGAYGGGGT",
            "alt": "STREME-12",
            "width": 15,
            "initial_width": 9,
            "seed": "TAGTAGAGATGGGGT",
            "score_threshold": 15.2642,
            "train_pos_count": 711,
            "train_neg_count": 0,
            "train_log_pvalue": -205.806,
            "train_pvalue": "1.6e-206",
            "train_dtc": -1.0,
            "train_bernoulli": 0.513481,
            "test_pos_count": 62,
            "test_neg_count": 2,
            "test_log_pvalue": -15.9474,
            "test_pvalue": "1.1e-016",
            "test_dtc": -1.0,
            "test_bernoulli": 0.513481,
            "elapsed_time": 1526.0,
            "len": 15,
            "nsites": 773,
            "evalue": "1.1e-016",
            "pwm": [
              [0.0059156, 0.0117599, 0.00151324, 0.980811], 
              [0.958854, 0.00297705, 0.0102961, 0.0278727], 
              [0.00884322, 0.00444086, 0.986656, 6.03713e-05], 
              [0.00152418, 0.00444086, 0.00151324, 0.992522], 
              [0.989594, 4.94346e-05, 0.0102961, 6.03713e-05], 
              [0.00445179, 0.00444086, 0.989583, 0.00152418], 
              [0.992522, 0.00151324, 0.00151324, 0.00445179], 
              [0.0190899, 0.00590466, 0.974945, 6.03713e-05], 
              [0.991058, 0.00151324, 0.00297705, 0.00445179], 
              [0.00152418, 0.348436, 0.00297705, 0.647063], 
              [0.0659317, 0.00151324, 0.928103, 0.00445179], 
              [0.0205537, 0.00151324, 0.977873, 6.03713e-05], 
              [0.0146984, 4.94346e-05, 0.979337, 0.0059156], 
              [0.0146984, 0.00297705, 0.966162, 0.0161623], 
              [6.03713e-05, 0.00151324, 0.00590466, 0.992522]
            ]
          }, {
            "db": 0,
            "id": "13-AATTTTTGTATTTT",
            "alt": "STREME-13",
            "width": 14,
            "initial_width": 10,
            "seed": "AATTTTTGTACTTT",
            "score_threshold": 18.3558,
            "train_pos_count": 566,
            "train_neg_count": 7,
            "train_log_pvalue": -150.427,
            "train_pvalue": "3.7e-151",
            "train_dtc": -1.0,
            "train_bernoulli": 0.513481,
            "test_pos_count": 54,
            "test_neg_count": 1,
            "test_log_pvalue": -14.8083,
            "test_pvalue": "1.6e-015",
            "test_dtc": -1.0,
            "test_bernoulli": 0.513481,
            "elapsed_time": 3482.8,
            "len": 14,
            "nsites": 620,
            "evalue": "1.6e-015",
            "pwm": [
              [0.9998, 6.20271e-05, 6.20271e-05, 7.57497e-05], 
              [0.893618, 6.20271e-05, 6.20271e-05, 0.106258], 
              [7.57497e-05, 6.20271e-05, 6.20271e-05, 0.9998], 
              [7.57497e-05, 6.20271e-05, 0.00740876, 0.992453], 
              [0.000841359, 6.20271e-05, 6.20271e-05, 0.999035], 
              [7.57497e-05, 6.20271e-05, 6.20271e-05, 0.9998], 
              [0.00106297, 6.20271e-05, 6.20271e-05, 0.998813], 
              [7.57497e-05, 6.20271e-05, 0.999786, 7.57497e-05], 
              [7.57497e-05, 6.20271e-05, 6.20271e-05, 0.9998], 
              [0.9998, 6.20271e-05, 6.20271e-05, 7.57497e-05], 
              [0.0055858, 0.00662985, 0.00924544, 0.978539], 
              [7.57497e-05, 6.20271e-05, 6.20271e-05, 0.9998], 
              [7.57497e-05, 6.20271e-05, 6.20271e-05, 0.9998], 
              [7.57497e-05, 6.20271e-05, 6.20271e-05, 0.9998]
            ]
          }, {
            "db": 0,
            "id": "14-CTGGGCTCAAGYGAT",
            "alt": "STREME-14",
            "width": 15,
            "initial_width": 11,
            "seed": "CTGGGCTCAAGCGAT",
            "score_threshold": 17.3418,
            "train_pos_count": 444,
            "train_neg_count": 3,
            "train_log_pvalue": -122.286,
            "train_pvalue": "5.2e-123",
            "train_dtc": -1.0,
            "train_bernoulli": 0.513481,
            "test_pos_count": 49,
            "test_neg_count": 0,
            "test_log_pvalue": -14.7503,
            "test_pvalue": "1.8e-015",
            "test_dtc": -1.0,
            "test_bernoulli": 0.513481,
            "elapsed_time": 4901.3,
            "len": 15,
            "nsites": 493,
            "evalue": "1.8e-015",
            "pwm": [
              [0.00225235, 0.975954, 0.00223619, 0.0195575], 
              [8.92136e-05, 0.0108888, 7.3052e-05, 0.988949], 
              [0.0325363, 7.3052e-05, 0.967301, 8.92136e-05], 
              [0.186119, 0.00113348, 0.812658, 8.92136e-05], 
              [0.0649834, 0.27475, 0.647199, 0.0130681], 
              [8.92136e-05, 0.894857, 0.0173782, 0.0876753], 
              [8.92136e-05, 0.0100883, 0.00223619, 0.987586], 
              [0.00441549, 0.928365, 0.00656247, 0.0606572], 
              [0.973807, 0.00872561, 0.00656247, 0.0109049], 
              [0.902423, 0.00439933, 0.0930881, 8.92136e-05], 
              [0.0162916, 7.3052e-05, 0.983546, 8.92136e-05], 
              [0.0325363, 0.425498, 0.0411727, 0.500793], 
              [0.232952, 0.0195413, 0.740928, 0.00657864], 
              [0.950012, 0.00439933, 0.045499, 8.92136e-05], 
              [0.00874178, 0.0108888, 0.00775204, 0.972617]
            ]
          }, {
            "db": 0,
            "id": "15-AGACCAGCCTGGCCA",
            "alt": "STREME-15",
            "width": 15,
            "initial_width": 12,
            "seed": "AGACCAGCCTGGCCA",
            "score_threshold": 16.5147,
            "train_pos_count": 562,
            "train_neg_count": 8,
            "train_log_pvalue": -147.753,
            "train_pvalue": "1.8e-148",
            "train_dtc": -1.0,
            "train_bernoulli": 0.513481,
            "test_pos_count": 55,
            "test_neg_count": 2,
            "test_log_pvalue": -13.94,
            "test_pvalue": "1.1e-014",
            "test_dtc": -1.0,
            "test_bernoulli": 0.513481,
            "elapsed_time": 3757.0,
            "len": 15,
            "nsites": 617,
            "evalue": "1.1e-014",
            "pwm": [
              [0.995993, 6.41703e-05, 0.00196431, 0.00197851], 
              [0.00767894, 0.00386446, 0.986478, 0.00197851], 
              [0.990293, 0.00196431, 0.00386446, 0.00387866], 
              [0.0114792, 0.965576, 0.011465, 0.0114792], 
              [0.00387866, 0.959876, 0.00386446, 0.0323808], 
              [0.983547, 0.00110911, 0.011465, 0.00387866], 
              [0.0247802, 0.0171655, 0.699556, 0.258498], 
              [0.0114792, 0.978878, 0.00196431, 0.00767894], 
              [0.0152795, 0.925673, 0.00956489, 0.0494821], 
              [0.00767894, 0.0057646, 0.00196431, 0.984592], 
              [0.0228801, 0.00766475, 0.959876, 0.00957909], 
              [0.0893851, 0.00766475, 0.900972, 0.00197851], 
              [0.0125735, 0.894177, 0.0665692, 0.0266804], 
              [0.0133794, 0.815465, 0.00386446, 0.167291], 
              [0.984592, 0.00386446, 0.00766475, 0.00387866]
            ]
          }, {
            "db": 0,
            "id": "16-AGTAGCTGGGACTAC",
            "alt": "STREME-16",
            "width": 15,
            "initial_width": 15,
            "seed": "AGTAGCTGGGACTAC",
            "score_threshold": 17.832,
            "train_pos_count": 518,
            "train_neg_count": 4,
            "train_log_pvalue": -141.7,
            "train_pvalue": "2.0e-142",
            "train_dtc": -1.0,
            "train_bernoulli": 0.513481,
            "test_pos_count": 49,
            "test_neg_count": 1,
            "test_log_pvalue": -13.3437,
            "test_pvalue": "4.5e-014",
            "test_dtc": -1.0,
            "test_bernoulli": 0.513481,
            "elapsed_time": 4306.9,
            "len": 15,
            "nsites": 567,
            "evalue": "4.5e-014",
            "pwm": [
              [0.977982, 6.14067e-05, 0.0146079, 0.00734825], 
              [0.00552993, 6.14067e-05, 0.992515, 0.00189331], 
              [0.00371162, 0.00369803, 0.00187972, 0.990711], 
              [0.994347, 6.14067e-05, 0.00369803, 0.00189331], 
              [0.0473511, 0.0178993, 0.927401, 0.00734825], 
              [0.00734825, 0.945239, 0.0146079, 0.0328046], 
              [0.00371162, 0.0346094, 0.00369803, 0.957981], 
              [0.0673526, 0.00733466, 0.917964, 0.00734825], 
              [0.12372, 0.00551635, 0.848869, 0.0218948], 
              [0.0800808, 0.00187972, 0.894326, 0.0237131], 
              [0.963436, 0.00369803, 0.0236995, 0.00916656], 
              [0.00552993, 0.823757, 0.0164262, 0.154286], 
              [0.0218948, 0.156436, 0.0109713, 0.810698], 
              [0.939798, 6.14067e-05, 0.0564291, 0.00371162], 
              [0.0128032, 0.919783, 0.00915297, 0.058261]
            ]
          }, {
            "db": 0,
            "id": "17-GGTGATCCRCCCGCC",
            "alt": "STREME-17",
            "width": 15,
            "initial_width": 11,
            "seed": "GGTGATCCACCCGCC",
            "score_threshold": 17.2903,
            "train_pos_count": 467,
            "train_neg_count": 3,
            "train_log_pvalue": -128.875,
            "train_pvalue": "1.3e-129",
            "train_dtc": -1.0,
            "train_bernoulli": 0.513481,
            "test_pos_count": 41,
            "test_neg_count": 0,
            "test_log_pvalue": -12.3421,
            "test_pvalue": "4.5e-013",
            "test_dtc": -1.0,
            "test_bernoulli": 0.513481,
            "elapsed_time": 5174.9,
            "len": 15,
            "nsites": 508,
            "evalue": "4.5e-013",
            "pwm": [
              [0.293242, 0.0650273, 0.621469, 0.0202618], 
              [0.0433921, 7.31195e-05, 0.95428, 0.00225444], 
              [0.00225444, 0.0325502, 0.00223826, 0.962957], 
              [0.00441958, 7.31195e-05, 0.993253, 0.00225444], 
              [0.999764, 7.31195e-05, 7.31195e-05, 8.92961e-05], 
              [8.92961e-05, 7.31195e-05, 7.31195e-05, 0.999764], 
              [8.92961e-05, 0.999748, 7.31195e-05, 8.92961e-05], 
              [0.00225444, 0.843858, 7.31195e-05, 0.153814], 
              [0.506112, 0.00223826, 0.417945, 0.0737041], 
              [8.92961e-05, 0.991088, 0.00223826, 0.00658472], 
              [0.00658472, 0.962941, 7.31195e-05, 0.0304013], 
              [0.0130801, 0.79406, 7.31195e-05, 0.192787], 
              [0.31125, 0.0044034, 0.634459, 0.0498875], 
              [8.92961e-05, 0.956445, 0.00223826, 0.041227], 
              [0.00441958, 0.978097, 0.00656854, 0.010915]
            ]
          }, {
            "db": 0,
            "id": "18-CGTGAGCCACYGCR",
            "alt": "STREME-18",
            "width": 14,
            "initial_width": 10,
            "seed": "CGTGAGCCACTGCA",
            "score_threshold": 17.4931,
            "train_pos_count": 502,
            "train_neg_count": 6,
            "train_log_pvalue": -133.816,
            "train_pvalue": "1.5e-134",
            "train_dtc": -1.0,
            "train_bernoulli": 0.513481,
            "test_pos_count": 42,
            "test_neg_count": 1,
            "test_log_pvalue": -11.3007,
            "test_pvalue": "5.0e-012",
            "test_dtc": -1.0,
            "test_bernoulli": 0.513481,
            "elapsed_time": 4609.0,
            "len": 14,
            "nsites": 544,
            "evalue": "5.0e-012",
            "pwm": [
              [0.0097095, 0.875221, 6.50439e-05, 0.115004], 
              [0.271421, 0.00391707, 0.724583, 7.94339e-05], 
              [7.94339e-05, 0.00199106, 6.50439e-05, 0.997864], 
              [0.0135615, 0.000845529, 0.985514, 7.94339e-05], 
              [0.994012, 0.00199106, 6.50439e-05, 0.00393146], 
              [0.00200545, 0.00199106, 0.993998, 0.00200545], 
              [7.94339e-05, 0.990146, 0.00776909, 0.00200545], 
              [0.00200545, 0.972812, 0.00199106, 0.0231916], 
              [0.974752, 6.50439e-05, 0.0231772, 0.00200545], 
              [0.00200545, 0.957404, 0.00584308, 0.0347477], 
              [0.00585747, 0.474223, 0.0405113, 0.479409], 
              [0.0965463, 0.00199106, 0.870567, 0.0308956], 
              [7.94339e-05, 0.729942, 0.00391707, 0.266062], 
              [0.358284, 0.0116211, 0.593421, 0.0366737]
            ]
          }, {
            "db": 0,
            "id": "19-GATTACAGGCRTGAG",
            "alt": "STREME-19",
            "width": 15,
            "initial_width": 10,
            "seed": "GATTACAGGCGTGAG",
            "score_threshold": 18.0801,
            "train_pos_count": 372,
            "train_neg_count": 3,
            "train_log_pvalue": -101.68,
            "train_pvalue": "2.1e-102",
            "train_dtc": -1.0,
            "train_bernoulli": 0.513481,
            "test_pos_count": 33,
            "test_neg_count": 0,
            "test_log_pvalue": -9.93386,
            "test_pvalue": "1.2e-010",
            "test_dtc": -1.0,
            "test_bernoulli": 0.513481,
            "elapsed_time": 5711.0,
            "len": 15,
            "nsites": 405,
            "evalue": "1.2e-010",
            "pwm": [
              [0.0576508, 0.0157819, 0.906313, 0.0202538], 
              [0.965713, 8.83318e-05, 0.0236286, 0.0105702], 
              [0.0118525, 0.034091, 8.83318e-05, 0.953968], 
              [0.0105702, 0.0196797, 0.0105507, 0.959199], 
              [0.939557, 0.0236286, 0.034091, 0.00272346], 
              [0.00533905, 0.857172, 0.0079351, 0.129554], 
              [0.952635, 0.0079351, 0.0367066, 0.00272346], 
              [0.0445729, 0.00270392, 0.942153, 0.0105702], 
              [0.0667798, 0.00270392, 0.922562, 0.00795464], 
              [0.00533905, 0.775585, 8.83318e-05, 0.218988], 
              [0.368855, 0.00270392, 0.623102, 0.00533905], 
              [0.000107874, 0.0367066, 8.83318e-05, 0.963097], 
              [0.0314949, 0.00270392, 0.960462, 0.00533905], 
              [0.970944, 0.0236286, 0.00270392, 0.00272346], 
              [0.0131858, 0.0079351, 0.978771, 0.000107874]
            ]
          }, {
            "db": 0,
            "id": "20-CCTGGGTGACAGAGC",
            "alt": "STREME-20",
            "width": 15,
            "initial_width": 11,
            "seed": "CCTGGGTGACAGAGC",
            "score_threshold": 16.838,
            "train_pos_count": 433,
            "train_neg_count": 15,
            "train_log_pvalue": -102.462,
            "train_pvalue": "3.5e-103",
            "train_dtc": -1.0,
            "train_bernoulli": 0.513481,
            "test_pos_count": 37,
            "test_neg_count": 1,
            "test_log_pvalue": -9.84794,
            "test_pvalue": "1.4e-010",
            "test_dtc": -1.0,
            "test_bernoulli": 0.513481,
            "elapsed_time": 5442.6,
            "len": 15,
            "nsites": 470,
            "evalue": "1.4e-010",
            "pwm": [
              [0.00237171, 0.960905, 0.0114658, 0.0252574], 
              [0.00692725, 0.920758, 0.0160213, 0.0562933], 
              [0.0120747, 0.0228546, 0.00691023, 0.95816], 
              [0.088927, 0.009188, 0.897236, 0.00464948], 
              [0.0519134, 0.00463246, 0.938805, 0.00464948], 
              [0.0580025, 0.00235469, 0.932716, 0.00692725], 
              [0.0740992, 0.125946, 0.0342435, 0.765711], 
              [0.0707048, 7.69232e-05, 0.926847, 0.00237171], 
              [0.997474, 7.69232e-05, 0.00235469, 9.39413e-05], 
              [0.0160383, 0.93218, 0.00691023, 0.0448714], 
              [0.954975, 0.009188, 0.0311878, 0.00464948], 
              [0.0456493, 0.0283332, 0.916812, 0.00920502], 
              [0.991996, 0.00327772, 0.00235469, 0.00237171], 
              [0.0251494, 0.00235469, 0.970124, 0.00237171], 
              [0.0210255, 0.677383, 0.0106878, 0.290904]
            ]
          }, {
            "db": 0,
            "id": "21-ACATGGTGAA",
            "alt": "STREME-21",
            "width": 10,
            "initial_width": 10,
            "seed": "ACATGGTGAA",
            "score_threshold": 17.1375,
            "train_pos_count": 443,
            "train_neg_count": 53,
            "train_log_pvalue": -72.7791,
            "train_pvalue": "1.7e-073",
            "train_dtc": -1.0,
            "train_bernoulli": 0.513481,
            "test_pos_count": 42,
            "test_neg_count": 3,
            "test_log_pvalue": -9.36361,
            "test_pvalue": "4.3e-010",
            "test_dtc": -1.0,
            "test_bernoulli": 0.513481,
            "elapsed_time": 7469.8,
            "len": 10,
            "nsites": 485,
            "evalue": "4.3e-010",
            "pwm": [
              [0.999612, 0.000120326, 0.000120326, 0.000146946], 
              [0.000146946, 0.999586, 0.000120326, 0.000146946], 
              [0.93526, 0.000120326, 0.0644725, 0.000146946], 
