>RAGGACG	1-RAGGACG	4.611509	-693.139788	0	T:9095.0(52.21%),B:3894.4(30.88%),P:1e-301	Tpos:116831.9,Tstd:385131.9,Bpos:84737.8,Bstd:191058.3,StrandBias:10.0,Multiplicity:4.13
0.473	0.001	0.465	0.061
0.482	0.241	0.047	0.230
0.147	0.237	0.560	0.056
0.102	0.001	0.896	0.001
0.747	0.153	0.001	0.099
0.001	0.997	0.001	0.001
0.001	0.062	0.544	0.393
>CTCATCG	2-CTCATCG	2.573653	-489.480249	0	T:9813.0(56.33%),B:4816.6(38.19%),P:1e-212	Tpos:119043.9,Tstd:392573.6,Bpos:74948.2,Bstd:176078.5,StrandBias:10.0,Multiplicity:3.41
0.242	0.488	0.034	0.237
0.312	0.025	0.127	0.536
0.008	0.611	0.377	0.004
0.747	0.034	0.059	0.160
0.007	0.160	0.001	0.832
0.001	0.997	0.001	0.001
0.001	0.001	0.997	0.001
>RVCGWYG	3-RVCGWYG	3.479176	-475.320544	0	T:9183.0(52.72%),B:4406.3(34.94%),P:1e-206	Tpos:127123.3,Tstd:390090.6,Bpos:100294.1,Bstd:206866.6,StrandBias:10.0,Multiplicity:5.24
0.357	0.160	0.316	0.167
0.368	0.301	0.253	0.077
0.103	0.610	0.095	0.192
0.231	0.167	0.389	0.214
0.401	0.001	0.111	0.488
0.001	0.560	0.001	0.438
0.090	0.061	0.691	0.158
>RMCAVCG	4-RMCAVCG	4.446014	-408.122371	0	T:8227.0(47.23%),B:3912.7(31.02%),P:1e-177	Tpos:121056.3,Tstd:414647.6,Bpos:60736.7,Bstd:156657.2,StrandBias:10.0,Multiplicity:2.97
0.439	0.028	0.361	0.172
0.387	0.445	0.168	0.001
0.144	0.504	0.272	0.080
0.997	0.001	0.001	0.001
0.292	0.374	0.334	0.001
0.001	0.698	0.174	0.127
0.001	0.001	0.997	0.001
>STGAMGA	5-STGAMGA	5.636023	-395.447200	0	T:8117.0(46.60%),B:3869.2(30.68%),P:1e-171	Tpos:133656.0,Tstd:406584.7,Bpos:99935.4,Bstd:208576.9,StrandBias:10.0,Multiplicity:4.13
0.183	0.393	0.423	0.001
0.001	0.341	0.001	0.657
0.001	0.001	0.997	0.001
0.997	0.001	0.001	0.001
0.532	0.466	0.001	0.001
0.001	0.001	0.997	0.001
0.541	0.233	0.225	0.001
>GACTGTD	6-GACTGTD	5.541671	-352.112269	0	T:8590.0(49.31%),B:4302.6(34.11%),P:1e-152	Tpos:132797.4,Tstd:398817.0,Bpos:112208.7,Bstd:217144.4,StrandBias:10.0,Multiplicity:6.76
0.171	0.001	0.684	0.144
0.997	0.001	0.001	0.001
0.308	0.690	0.001	0.001
0.267	0.107	0.001	0.625
0.001	0.001	0.997	0.001
0.001	0.001	0.001	0.997
0.253	0.001	0.352	0.394
>KRCCGCY	7-KRCCGCY	4.097423	-351.119864	0	T:12462.0(71.54%),B:7169.2(56.84%),P:1e-152	Tpos:132643.5,Tstd:416448.9,Bpos:81344.5,Bstd:182948.5,StrandBias:10.0,Multiplicity:7.57
0.164	0.001	0.483	0.352
0.461	0.001	0.537	0.001
0.001	0.997	0.001	0.001
0.001	0.627	0.001	0.371
0.001	0.001	0.997	0.001
0.102	0.638	0.001	0.259
0.183	0.371	0.145	0.301
>CGMGGMS	8-CGMGGMS	3.619586	-343.893043	0	T:12943.0(74.30%),B:7576.1(60.07%),P:1e-149	Tpos:141180.6,Tstd:435008.9,Bpos:72577.7,Bstd:172921.0,StrandBias:10.0,Multiplicity:6.57
0.317	0.637	0.001	0.045
0.295	0.062	0.642	0.001
0.482	0.516	0.001	0.001
0.001	0.159	0.839	0.001
0.001	0.001	0.905	0.093
0.482	0.362	0.001	0.155
0.001	0.453	0.484	0.062
>AGCGGSA	9-AGCGGSA	3.892079	-342.170366	0	T:11370.0(65.27%),B:6344.7(50.31%),P:1e-148	Tpos:139302.9,Tstd:425995.1,Bpos:80723.0,Bstd:187762.2,StrandBias:10.0,Multiplicity:6.23
0.481	0.242	0.251	0.026
0.196	0.285	0.486	0.033
0.022	0.859	0.118	0.001
0.181	0.161	0.466	0.192
0.183	0.050	0.536	0.231
0.100	0.456	0.331	0.113
0.835	0.001	0.001	0.163
>GMGAAGC	10-GMGAAGC	1.049287	-310.815383	0	T:12625.0(72.47%),B:7414.3(58.79%),P:1e-134	Tpos:142815.7,Tstd:423738.0,Bpos:84535.3,Bstd:187155.8,StrandBias:10.0,Multiplicity:6.31
0.001	0.001	0.997	0.001
0.426	0.572	0.001	0.001
0.001	0.001	0.997	0.001
0.617	0.381	0.001	0.001
0.997	0.001	0.001	0.001
0.001	0.191	0.807	0.001
0.001	0.997	0.001	0.001
>TGGAGAG	11-TGGAGAG	2.478248	-275.509690	0	T:10108.0(58.03%),B:5603.8(44.43%),P:1e-119	Tpos:136916.5,Tstd:399135.9,Bpos:108065.3,Bstd:214741.5,StrandBias:10.0,Multiplicity:6.08
0.001	0.108	0.001	0.890
0.001	0.001	0.997	0.001
0.001	0.001	0.997	0.001
0.993	0.001	0.005	0.001
0.093	0.001	0.891	0.015
0.981	0.010	0.008	0.001
0.151	0.001	0.766	0.082
>MAGTGCG	12-MAGTGCG	1.329286	-272.048921	0	T:8934.0(51.29%),B:4772.9(37.84%),P:1e-118	Tpos:127999.5,Tstd:406284.9,Bpos:82305.0,Bstd:185470.2,StrandBias:10.0,Multiplicity:4.25
0.329	0.443	0.227	0.001
0.920	0.078	0.001	0.001
0.135	0.091	0.773	0.001
0.001	0.001	0.001	0.997
0.083	0.001	0.915	0.001
0.001	0.997	0.001	0.001
0.001	0.001	0.997	0.001
>GGACTCG	13-GGACTCG	3.315515	-270.036096	0	T:15564.0(89.35%),B:10055.6(79.73%),P:1e-117	Tpos:137749.2,Tstd:421132.5,Bpos:81388.3,Bstd:184022.1,StrandBias:10.0,Multiplicity:18.33
0.100	0.100	0.700	0.100
0.100	0.100	0.700	0.100
0.700	0.100	0.100	0.100
0.100	0.700	0.100	0.100
0.100	0.100	0.100	0.700
0.100	0.700	0.100	0.100
0.100	0.100	0.700	0.100
>CGSCTCA	14-CGSCTCA	-0.003154	-263.411744	0	T:13370.0(76.75%),B:8160.0(64.70%),P:1e-114	Tpos:141824.4,Tstd:423760.8,Bpos:81413.9,Bstd:184079.5,StrandBias:10.0,Multiplicity:8.76
0.001	0.997	0.001	0.001
0.001	0.001	0.997	0.001
0.001	0.451	0.547	0.001
0.001	0.800	0.001	0.198
0.023	0.001	0.001	0.975
0.001	0.997	0.001	0.001
0.824	0.174	0.001	0.001
>TGTGGCC	15-TGTGGCC	-4.126474	-249.463821	0	T:13390.0(76.87%),B:8220.4(65.18%),P:1e-108	Tpos:139597.3,Tstd:421604.2,Bpos:79428.9,Bstd:177846.2,StrandBias:10.0,Multiplicity:8.62
0.001	0.051	0.001	0.947
0.001	0.001	0.997	0.001
0.001	0.001	0.001	0.997
0.001	0.001	0.997	0.001
0.001	0.001	0.997	0.001
0.001	0.997	0.001	0.001
0.001	0.997	0.001	0.001
>AACTGTT	16-AACTGTT	5.305550	-233.923964	0	T:6008.0(34.49%),B:2916.9(23.13%),P:1e-101	Tpos:129515.8,Tstd:389537.0,Bpos:112568.2,Bstd:214719.1,StrandBias:10.0,Multiplicity:4.59
0.454	0.050	0.258	0.238
0.733	0.062	0.151	0.054
0.023	0.834	0.072	0.071
0.308	0.105	0.075	0.512
0.003	0.001	0.912	0.084
0.127	0.001	0.001	0.871
0.003	0.117	0.001	0.879
>RRMYTYA	17-RRMYTYA	2.273860	-217.465535	0	T:14010.0(80.42%),B:8836.8(70.06%),P:1e-94	Tpos:139660.6,Tstd:395978.0,Bpos:117913.3,Bstd:221850.6,StrandBias:10.0,Multiplicity:12.30
0.433	0.001	0.562	0.004
0.569	0.008	0.422	0.001
0.561	0.437	0.001	0.001
0.001	0.424	0.001	0.574
0.001	0.001	0.384	0.614
0.008	0.562	0.001	0.429
0.957	0.038	0.004	0.001
>TTCCGTG	18-TTCCGTG	2.152647	-212.295798	0	T:4969.0(28.52%),B:2320.6(18.40%),P:1e-92	Tpos:110008.3,Tstd:363445.9,Bpos:82519.6,Bstd:181578.7,StrandBias:10.0,Multiplicity:2.83
0.013	0.001	0.001	0.985
0.011	0.001	0.016	0.972
0.001	0.746	0.001	0.252
0.001	0.997	0.001	0.001
0.001	0.001	0.997	0.001
0.245	0.007	0.001	0.747
0.258	0.001	0.740	0.001
>ACAGTCG	19-ACAGTCG	0.446219	-207.277359	0	T:8349.0(47.93%),B:4577.0(36.29%),P:1e-90	Tpos:145482.7,Tstd:419047.0,Bpos:104632.1,Bstd:209119.0,StrandBias:10.0,Multiplicity:5.38
0.997	0.001	0.001	0.001
0.107	0.888	0.001	0.004
0.997	0.001	0.001	0.001
0.096	0.001	0.902	0.001
0.001	0.001	0.001	0.997
0.001	0.997	0.001	0.001
0.001	0.001	0.997	0.001
>TACGATC	20-TACGATC	-4.484803	-172.451094	0	T:12679.0(72.78%),B:7918.7(62.78%),P:1e-74	Tpos:150601.9,Tstd:418368.3,Bpos:108265.8,Bstd:212518.7,StrandBias:10.0,Multiplicity:11.12
0.281	0.001	0.001	0.717
0.997	0.001	0.001	0.001
0.001	0.997	0.001	0.001
0.001	0.001	0.997	0.001
0.804	0.001	0.001	0.194
0.001	0.134	0.001	0.864
0.001	0.997	0.001	0.001
>GCCCCTG	21-GCCCCTG	3.579679	-168.632683	0	T:10833.0(62.19%),B:6519.5(51.69%),P:1e-73	Tpos:138854.9,Tstd:417909.8,Bpos:84492.4,Bstd:184001.6,StrandBias:10.0,Multiplicity:6.99
0.205	0.057	0.736	0.002
0.015	0.982	0.002	0.001
0.015	0.967	0.001	0.017
0.001	0.702	0.001	0.296
0.001	0.702	0.001	0.296
0.001	0.056	0.001	0.942
0.011	0.016	0.779	0.194
>AGCCTTC	22-AGCCTTC	4.218155	-139.961859	0	T:11526.0(66.17%),B:7162.8(56.79%),P:1e-60	Tpos:135251.8,Tstd:394358.1,Bpos:110268.1,Bstd:212279.0,StrandBias:10.0,Multiplicity:8.61
0.586	0.074	0.001	0.339
0.203	0.001	0.682	0.114
0.034	0.935	0.001	0.030
0.040	0.586	0.001	0.373
0.079	0.001	0.001	0.919
0.098	0.001	0.030	0.871
0.001	0.737	0.096	0.166
>TACCTTA	23-TACCTTA	-4.126474	-124.723863	0	T:14788.0(84.89%),B:9818.3(77.85%),P:1e-54	Tpos:138239.3,Tstd:386201.5,Bpos:121802.8,Bstd:222936.0,StrandBias:10.0,Multiplicity:26.77
0.001	0.001	0.001	0.997
0.997	0.001	0.001	0.001
0.001	0.997	0.001	0.001
0.001	0.997	0.001	0.001
0.001	0.001	0.001	0.997
0.001	0.001	0.001	0.997
0.997	0.001	0.001	0.001
>TTTTTTT	24-TTTTTTT	6.860716	-74.272656	0	T:3550.0(20.38%),B:1898.3(15.05%),P:1e-32	Tpos:117921.9,Tstd:373095.5,Bpos:109538.4,Bstd:200938.3,StrandBias:10.0,Multiplicity:8.56
0.206	0.001	0.277	0.516
0.263	0.090	0.179	0.467
0.089	0.262	0.039	0.610
0.001	0.001	0.172	0.826
0.001	0.001	0.017	0.981
0.001	0.043	0.001	0.955
0.056	0.001	0.034	0.909
>NNNNNNN	25-NNNNNNN	-nan	0.000000	0	T:0.0(0.00%),B:0.0(0.00%),P:1e0	Tpos:0.0,Tstd:0.0,Bpos:0.0,Bstd:0.0,StrandBias:0.0,Multiplicity:1.00
-nan	-nan	-nan	-nan
-nan	-nan	-nan	-nan
-nan	-nan	-nan	-nan
-nan	-nan	-nan	-nan
-nan	-nan	-nan	-nan
-nan	-nan	-nan	-nan
-nan	-nan	-nan	-nan
