>YGGACT	1-YGGACT	4.444013	-767.401460	0	T:10627.0(61.00%),B:4826.3(38.27%),P:1e-333	Tpos:126504.9,Tstd:400232.6,Bpos:90520.9,Bstd:196853.8,StrandBias:10.0,Multiplicity:4.93
0.167	0.352	0.112	0.369
0.166	0.082	0.640	0.112
0.126	0.064	0.756	0.054
0.936	0.001	0.062	0.001
0.044	0.773	0.141	0.042
0.347	0.001	0.122	0.530
>GMAGCG	2-GMAGCG	3.961658	-491.504870	0	T:8957.0(51.42%),B:4213.4(33.41%),P:1e-213	Tpos:111382.1,Tstd:391069.1,Bpos:60981.8,Bstd:157653.5,StrandBias:10.0,Multiplicity:3.91
0.081	0.186	0.694	0.039
0.314	0.412	0.179	0.095
0.832	0.044	0.019	0.105
0.066	0.230	0.628	0.076
0.008	0.859	0.001	0.132
0.075	0.052	0.826	0.047
>TCAACG	3-TCAACG	0.424954	-474.285426	0	T:9763.0(56.04%),B:4816.1(38.19%),P:1e-205	Tpos:119331.3,Tstd:398876.0,Bpos:67315.6,Bstd:165362.3,StrandBias:10.0,Multiplicity:3.67
0.288	0.231	0.001	0.480
0.001	0.814	0.184	0.001
0.665	0.001	0.029	0.305
0.694	0.001	0.001	0.304
0.001	0.997	0.001	0.001
0.001	0.001	0.997	0.001
>CGACGA	4-CGACGA	4.381624	-451.477857	0	T:6104.0(35.04%),B:2457.0(19.48%),P:1e-196	Tpos:102459.9,Tstd:364780.2,Bpos:74999.9,Bstd:182425.1,StrandBias:10.0,Multiplicity:2.93
0.054	0.756	0.091	0.099
0.050	0.001	0.848	0.101
0.966	0.001	0.018	0.015
0.105	0.615	0.182	0.098
0.001	0.001	0.997	0.001
0.872	0.024	0.089	0.015
>CGGACC	5-CGGACC	3.946874	-404.049497	0	T:10241.0(58.79%),B:5334.5(42.30%),P:1e-175	Tpos:138650.0,Tstd:423242.8,Bpos:83086.6,Bstd:188268.8,StrandBias:10.0,Multiplicity:4.72
0.001	0.675	0.001	0.323
0.001	0.128	0.870	0.001
0.054	0.286	0.647	0.013
0.766	0.109	0.004	0.121
0.150	0.618	0.054	0.178
0.032	0.842	0.043	0.083
>GAACGG	6-GAACGG	3.292538	-395.353692	0	T:8066.0(46.30%),B:3835.5(30.41%),P:1e-171	Tpos:127526.0,Tstd:413747.0,Bpos:79313.9,Bstd:183994.4,StrandBias:10.0,Multiplicity:3.73
0.004	0.005	0.990	0.001
0.979	0.001	0.001	0.019
0.720	0.278	0.001	0.001
0.003	0.991	0.005	0.001
0.001	0.210	0.491	0.298
0.001	0.001	0.997	0.001
>CGGCGA	7-CGGCGA	1.260965	-380.644315	0	T:8221.0(47.19%),B:3976.5(31.53%),P:1e-165	Tpos:115002.8,Tstd:395784.7,Bpos:54428.6,Bstd:153132.3,StrandBias:10.0,Multiplicity:2.65
0.001	0.997	0.001	0.001
0.001	0.009	0.989	0.001
0.001	0.001	0.997	0.001
0.001	0.997	0.001	0.001
0.001	0.001	0.879	0.119
0.997	0.001	0.001	0.001
>AGATCG	8-AGATCG	2.947157	-372.789861	0	T:5949.0(34.15%),B:2527.1(20.04%),P:1e-161	Tpos:119816.0,Tstd:401538.6,Bpos:67094.9,Bstd:166128.6,StrandBias:10.0,Multiplicity:2.68
0.610	0.022	0.001	0.367
0.001	0.367	0.625	0.007
0.990	0.001	0.001	0.008
0.001	0.389	0.001	0.609
0.009	0.978	0.012	0.001
0.001	0.005	0.977	0.017
>TGCGGA	9-TGCGGA	1.288790	-346.716309	0	T:12724.0(73.04%),B:7391.9(58.61%),P:1e-150	Tpos:134747.8,Tstd:412648.3,Bpos:86792.0,Bstd:193478.3,StrandBias:10.0,Multiplicity:7.74
0.042	0.001	0.001	0.956
0.001	0.001	0.997	0.001
0.001	0.997	0.001	0.001
0.001	0.001	0.997	0.001
0.001	0.001	0.997	0.001
0.935	0.063	0.001	0.001
>AGCMGC	10-AGCMGC	0.601704	-333.937483	0	T:10585.0(60.76%),B:5778.3(45.81%),P:1e-145	Tpos:134986.1,Tstd:423708.9,Bpos:73176.6,Bstd:176896.6,StrandBias:10.0,Multiplicity:5.46
0.760	0.144	0.095	0.001
0.001	0.001	0.997	0.001
0.001	0.997	0.001	0.001
0.547	0.451	0.001	0.001
0.001	0.001	0.997	0.001
0.001	0.997	0.001	0.001
>TGAAGA	11-TGAAGA	6.414046	-321.107063	0	T:8872.0(50.93%),B:4583.1(36.34%),P:1e-139	Tpos:132825.3,Tstd:400091.9,Bpos:109504.3,Bstd:216184.6,StrandBias:10.0,Multiplicity:6.18
0.001	0.001	0.001	0.997
0.001	0.001	0.997	0.001
0.695	0.001	0.303	0.001
0.781	0.001	0.001	0.217
0.001	0.001	0.997	0.001
0.997	0.001	0.001	0.001
>GCCGGA	12-GCCGGA	4.231805	-320.743188	0	T:11827.0(67.89%),B:6757.4(53.58%),P:1e-139	Tpos:137122.1,Tstd:427214.4,Bpos:72206.9,Bstd:174745.0,StrandBias:10.0,Multiplicity:5.54
0.100	0.100	0.700	0.100
0.100	0.700	0.100	0.100
0.100	0.700	0.100	0.100
0.100	0.100	0.700	0.100
0.100	0.100	0.700	0.100
0.700	0.100	0.100	0.100
>CGGTGG	13-CGGTGG	2.015043	-315.728787	0	T:8426.0(48.37%),B:4289.5(34.01%),P:1e-137	Tpos:126066.0,Tstd:407775.1,Bpos:69491.0,Bstd:166183.8,StrandBias:10.0,Multiplicity:3.86
0.001	0.997	0.001	0.001
0.001	0.101	0.882	0.016
0.004	0.001	0.994	0.001
0.001	0.001	0.001	0.997
0.001	0.129	0.869	0.001
0.001	0.001	0.898	0.100
>AAGACG	14-AAGACG	4.231805	-311.658344	0	T:12578.0(72.20%),B:7374.1(58.47%),P:1e-135	Tpos:142482.0,Tstd:417429.7,Bpos:95219.0,Bstd:201836.7,StrandBias:10.0,Multiplicity:9.08
0.700	0.100	0.100	0.100
0.700	0.100	0.100	0.100
0.100	0.100	0.700	0.100
0.700	0.100	0.100	0.100
0.100	0.700	0.100	0.100
0.100	0.100	0.700	0.100
>AAMGYG	15-AAMGYG	4.035880	-289.834796	0	T:9126.0(52.39%),B:4853.1(38.48%),P:1e-125	Tpos:135464.8,Tstd:407236.5,Bpos:95464.9,Bstd:200423.5,StrandBias:10.0,Multiplicity:4.80
0.450	0.247	0.053	0.251
0.667	0.250	0.053	0.030
0.451	0.515	0.001	0.033
0.001	0.001	0.997	0.001
0.211	0.416	0.001	0.372
0.241	0.269	0.451	0.040
>CGAGAA	16-CGAGAA	1.209250	-257.877798	0	T:5864.0(33.66%),B:2756.5(21.86%),P:1e-111	Tpos:116737.8,Tstd:398996.5,Bpos:64917.6,Bstd:161537.3,StrandBias:10.0,Multiplicity:2.78
0.001	0.997	0.001	0.001
0.001	0.001	0.997	0.001
0.828	0.001	0.001	0.170
0.001	0.001	0.997	0.001
0.997	0.001	0.001	0.001
0.829	0.001	0.001	0.169
>CCACCG	17-CCACCG	-0.867877	-257.434073	0	T:13882.0(79.69%),B:8603.0(68.21%),P:1e-111	Tpos:154088.2,Tstd:444676.0,Bpos:83288.6,Bstd:186792.7,StrandBias:10.0,Multiplicity:9.19
0.068	0.930	0.001	0.001
0.112	0.886	0.001	0.001
0.997	0.001	0.001	0.001
0.001	0.990	0.008	0.001
0.001	0.997	0.001	0.001
0.001	0.001	0.997	0.001
>ACGSGC	18-ACGSGC	1.768920	-243.855722	0	T:11225.0(64.44%),B:6537.6(51.83%),P:1e-105	Tpos:140173.2,Tstd:426593.4,Bpos:75683.5,Bstd:178423.0,StrandBias:10.0,Multiplicity:5.37
0.739	0.001	0.001	0.259
0.001	0.997	0.001	0.001
0.001	0.001	0.977	0.021
0.001	0.570	0.428	0.001
0.001	0.021	0.685	0.293
0.001	0.738	0.024	0.237
>CCTGCG	19-CCTGCG	4.161290	-231.680657	0	T:12501.0(71.76%),B:7564.8(59.98%),P:1e-100	Tpos:143868.9,Tstd:435085.3,Bpos:74585.1,Bstd:171809.1,StrandBias:10.0,Multiplicity:8.05
0.035	0.658	0.301	0.006
0.001	0.888	0.059	0.052
0.043	0.019	0.007	0.931
0.039	0.008	0.874	0.079
0.001	0.876	0.051	0.072
0.060	0.083	0.707	0.150
>CCAGTG	20-CCAGTG	6.716527	-204.250588	0	T:6176.0(35.45%),B:3116.6(24.71%),P:1e-88	Tpos:136999.3,Tstd:413389.2,Bpos:91784.4,Bstd:193461.6,StrandBias:10.0,Multiplicity:4.22
0.001	0.982	0.001	0.016
0.211	0.771	0.017	0.001
0.997	0.001	0.001	0.001
0.001	0.001	0.997	0.001
0.001	0.016	0.001	0.982
0.001	0.001	0.997	0.001
>AGCCTA	21-AGCCTA	3.632836	-152.623632	0	T:11490.0(65.96%),B:7080.7(56.14%),P:1e-66	Tpos:147546.9,Tstd:428362.7,Bpos:90040.3,Bstd:195128.0,StrandBias:10.0,Multiplicity:8.44
0.552	0.338	0.101	0.009
0.064	0.245	0.588	0.103
0.023	0.683	0.224	0.070
0.004	0.645	0.075	0.276
0.205	0.097	0.144	0.554
0.554	0.315	0.114	0.017
>AGTAGT	22-AGTAGT	8.292692	-95.256239	0	T:2200.0(12.63%),B:986.6(7.82%),P:1e-41	Tpos:121889.3,Tstd:371240.0,Bpos:131120.4,Bstd:231452.5,StrandBias:10.0,Multiplicity:3.72
0.997	0.001	0.001	0.001
0.001	0.001	0.997	0.001
0.001	0.001	0.001	0.997
0.990	0.001	0.001	0.008
0.001	0.001	0.997	0.001
0.001	0.001	0.001	0.997
>TCCGTT	23-TCCGTT	6.270185	-94.935991	0	T:1874.0(10.76%),B:798.0(6.33%),P:1e-41	Tpos:110002.2,Tstd:372906.6,Bpos:78659.8,Bstd:173412.2,StrandBias:10.0,Multiplicity:1.93
0.001	0.001	0.001	0.997
0.001	0.997	0.001	0.001
0.001	0.997	0.001	0.001
0.001	0.001	0.997	0.001
0.001	0.001	0.001	0.997
0.001	0.131	0.001	0.867
>TTTGTA	24-TTTGTA	6.177716	-92.433150	0	T:3332.0(19.13%),B:1685.2(13.36%),P:1e-40	Tpos:116166.9,Tstd:348409.0,Bpos:130853.2,Bstd:227938.1,StrandBias:10.0,Multiplicity:5.79
0.100	0.100	0.100	0.700
0.100	0.100	0.100	0.700
0.100	0.100	0.100	0.700
0.100	0.100	0.700	0.100
0.100	0.100	0.100	0.700
0.700	0.100	0.100	0.100
>TTTTWA	25-TTTTWA	1.394987	-78.024105	0	T:7223.0(41.46%),B:4354.7(34.53%),P:1e-33	Tpos:123589.2,Tstd:361405.5,Bpos:130495.8,Bstd:227034.7,StrandBias:10.0,Multiplicity:15.19
0.001	0.001	0.001	0.997
0.001	0.001	0.001	0.997
0.001	0.001	0.001	0.997
0.001	0.001	0.001	0.997
0.499	0.001	0.001	0.499
0.997	0.001	0.001	0.001
