>TGGACTGT	1-TGGACTGT	4.786505	-752.966771	0	T:10831.0(62.18%),B:5002.2(39.66%),P:1e-327	Tpos:128557.7,Tstd:398736.5,Bpos:100180.3,Bstd:205155.1,StrandBias:10.0,Multiplicity:6.23
0.074	0.149	0.143	0.634
0.145	0.001	0.743	0.111
0.190	0.001	0.767	0.042
0.997	0.001	0.001	0.001
0.035	0.896	0.049	0.020
0.181	0.084	0.065	0.670
0.112	0.118	0.661	0.109
0.101	0.171	0.109	0.619
>CAVCADCG	2-CAVCADCG	2.435217	-570.129524	0	T:12422.0(71.31%),B:6599.6(52.33%),P:1e-247	Tpos:121703.8,Tstd:406022.8,Bpos:65831.7,Bstd:165126.7,StrandBias:10.0,Multiplicity:5.74
0.309	0.485	0.163	0.042
0.554	0.009	0.216	0.221
0.341	0.353	0.259	0.047
0.368	0.630	0.001	0.001
0.638	0.001	0.114	0.247
0.205	0.140	0.324	0.330
0.001	0.997	0.001	0.001
0.001	0.001	0.997	0.001
>NGRMCGDC	3-NGRMCGDC	3.793154	-436.825583	0	T:10098.0(57.97%),B:5147.2(40.81%),P:1e-189	Tpos:116447.4,Tstd:398488.6,Bpos:63270.1,Bstd:160274.0,StrandBias:10.0,Multiplicity:4.13
0.290	0.189	0.204	0.317
0.001	0.001	0.684	0.314
0.428	0.094	0.306	0.171
0.341	0.376	0.075	0.208
0.001	0.997	0.001	0.001
0.001	0.001	0.997	0.001
0.296	0.166	0.196	0.343
0.209	0.474	0.315	0.001
>GACGABGA	4-GACGABGA	5.609417	-435.788290	0	T:6139.0(35.24%),B:2509.9(19.90%),P:1e-189	Tpos:113096.1,Tstd:372510.1,Bpos:86121.0,Bstd:192857.4,StrandBias:10.0,Multiplicity:3.47
0.001	0.013	0.925	0.061
0.868	0.113	0.001	0.018
0.181	0.582	0.079	0.158
0.018	0.010	0.618	0.354
0.593	0.149	0.083	0.175
0.034	0.356	0.303	0.307
0.001	0.001	0.997	0.001
0.877	0.051	0.016	0.056
>GMCTGCAG	5-GMCTGCAG	4.199343	-402.124653	0	T:11550.0(66.30%),B:6318.9(50.10%),P:1e-174	Tpos:129752.6,Tstd:415181.2,Bpos:70679.2,Bstd:172893.5,StrandBias:10.0,Multiplicity:6.13
0.029	0.110	0.718	0.143
0.411	0.385	0.203	0.001
0.001	0.953	0.045	0.001
0.016	0.100	0.095	0.789
0.032	0.001	0.756	0.211
0.093	0.905	0.001	0.001
0.482	0.212	0.179	0.127
0.001	0.017	0.981	0.001
>ACCGGTGA	6-ACCGGTGA	-2.863555	-324.183376	0	T:11441.0(65.68%),B:6450.1(51.14%),P:1e-140	Tpos:135335.9,Tstd:414203.0,Bpos:86101.3,Bstd:190417.8,StrandBias:10.0,Multiplicity:7.35
0.997	0.001	0.001	0.001
0.001	0.854	0.144	0.001
0.001	0.913	0.001	0.085
0.001	0.001	0.997	0.001
0.001	0.001	0.997	0.001
0.060	0.072	0.001	0.867
0.001	0.001	0.997	0.001
0.997	0.001	0.001	0.001
>CTGCAGCA	7-CTGCAGCA	5.582188	-321.623521	0	T:8281.0(47.54%),B:4173.4(33.09%),P:1e-139	Tpos:140492.8,Tstd:421637.5,Bpos:90444.7,Bstd:192910.2,StrandBias:10.0,Multiplicity:3.89
0.062	0.600	0.227	0.111
0.091	0.082	0.011	0.816
0.066	0.087	0.821	0.026
0.023	0.618	0.315	0.044
0.939	0.023	0.037	0.001
0.023	0.069	0.767	0.141
0.036	0.600	0.327	0.037
0.895	0.015	0.003	0.087
>CGCGGAGC	8-CGCGGAGC	-1.816924	-310.190059	0	T:11308.0(64.91%),B:6390.3(50.67%),P:1e-134	Tpos:141740.4,Tstd:437589.1,Bpos:67125.9,Bstd:166260.9,StrandBias:10.0,Multiplicity:5.40
0.001	0.933	0.065	0.001
0.012	0.001	0.655	0.332
0.001	0.997	0.001	0.001
0.001	0.001	0.997	0.001
0.001	0.270	0.728	0.001
0.997	0.001	0.001	0.001
0.001	0.028	0.947	0.024
0.001	0.997	0.001	0.001
>TGAAGAAG	9-TGAAGAAG	6.291044	-285.327612	0	T:6813.0(39.11%),B:3292.2(26.10%),P:1e-123	Tpos:141448.6,Tstd:402599.4,Bpos:106237.8,Bstd:215445.1,StrandBias:10.0,Multiplicity:4.15
0.100	0.100	0.100	0.700
0.100	0.100	0.700	0.100
0.700	0.100	0.100	0.100
0.700	0.100	0.100	0.100
0.100	0.100	0.700	0.100
0.700	0.100	0.100	0.100
0.700	0.100	0.100	0.100
0.100	0.100	0.700	0.100
>WDCGNRAA	10-WDCGNRAA	3.865118	-265.894296	0	T:7933.0(45.54%),B:4097.5(32.49%),P:1e-115	Tpos:126160.7,Tstd:383942.7,Bpos:107796.4,Bstd:216358.3,StrandBias:10.0,Multiplicity:5.76
0.301	0.049	0.248	0.402
0.182	0.173	0.330	0.315
0.001	0.615	0.075	0.309
0.001	0.001	0.823	0.175
0.164	0.245	0.303	0.288
0.402	0.083	0.347	0.169
0.596	0.293	0.001	0.110
0.535	0.001	0.186	0.278
>CCGCWGCC	11-CCGCWGCC	1.950295	-260.262084	0	T:7758.0(44.54%),B:3995.1(31.68%),P:1e-113	Tpos:128074.4,Tstd:420572.8,Bpos:58584.6,Bstd:150250.9,StrandBias:10.0,Multiplicity:3.44
0.001	0.997	0.001	0.001
0.001	0.785	0.213	0.001
0.001	0.001	0.997	0.001
0.001	0.997	0.001	0.001
0.519	0.001	0.001	0.479
0.229	0.001	0.769	0.001
0.001	0.997	0.001	0.001
0.342	0.604	0.001	0.053
>CCACGGAC	12-CCACGGAC	2.113988	-256.103585	0	T:7698.0(44.19%),B:3967.4(31.46%),P:1e-111	Tpos:151291.3,Tstd:443133.6,Bpos:80932.9,Bstd:185828.5,StrandBias:10.0,Multiplicity:3.44
0.001	0.997	0.001	0.001
0.001	0.785	0.001	0.213
0.760	0.213	0.001	0.026
0.001	0.757	0.241	0.001
0.001	0.001	0.997	0.001
0.001	0.001	0.972	0.026
0.997	0.001	0.001	0.001
0.001	0.997	0.001	0.001
>AGCCGGAT	13-AGCCGGAT	-2.984468	-253.118638	0	T:10743.0(61.67%),B:6144.4(48.72%),P:1e-109	Tpos:142947.4,Tstd:418352.7,Bpos:98413.4,Bstd:206042.3,StrandBias:10.0,Multiplicity:5.79
0.997	0.001	0.001	0.001
0.038	0.001	0.960	0.001
0.001	0.997	0.001	0.001
0.001	0.997	0.001	0.001
0.001	0.115	0.883	0.001
0.001	0.001	0.816	0.182
0.997	0.001	0.001	0.001
0.001	0.041	0.001	0.957
>GGACCGAK	14-GGACCGAK	1.665881	-228.159690	0	T:6792.0(38.99%),B:3446.8(27.33%),P:1e-99	Tpos:144243.1,Tstd:418719.3,Bpos:93437.3,Bstd:198624.0,StrandBias:10.0,Multiplicity:3.42
0.001	0.110	0.888	0.001
0.001	0.001	0.666	0.332
0.997	0.001	0.001	0.001
0.001	0.689	0.309	0.001
0.001	0.997	0.001	0.001
0.001	0.001	0.751	0.247
0.997	0.001	0.001	0.001
0.001	0.001	0.459	0.539
>GCTGGWGC	15-GCTGGWGC	2.337417	-219.685446	0	T:8016.0(46.02%),B:4302.7(34.12%),P:1e-95	Tpos:139034.6,Tstd:425996.2,Bpos:78688.1,Bstd:179113.8,StrandBias:10.0,Multiplicity:3.60
0.001	0.001	0.997	0.001
0.001	0.997	0.001	0.001
0.001	0.001	0.001	0.997
0.204	0.001	0.794	0.001
0.001	0.001	0.997	0.001
0.458	0.202	0.001	0.339
0.253	0.001	0.745	0.001
0.001	0.997	0.001	0.001
>CTTGGCGA	16-CTTGGCGA	-2.889840	-202.025400	0	T:10053.0(57.71%),B:5813.4(46.09%),P:1e-87	Tpos:145304.0,Tstd:420776.3,Bpos:102794.9,Bstd:206000.4,StrandBias:10.0,Multiplicity:6.37
0.001	0.861	0.001	0.137
0.001	0.001	0.121	0.877
0.001	0.001	0.001	0.997
0.001	0.001	0.997	0.001
0.001	0.001	0.997	0.001
0.001	0.997	0.001	0.001
0.121	0.001	0.877	0.001
0.997	0.001	0.001	0.001
>CMGCCCTG	17-CMGCCCTG	2.044851	-193.668476	0	T:10711.0(61.49%),B:6330.8(50.20%),P:1e-84	Tpos:139524.8,Tstd:426824.7,Bpos:74726.3,Bstd:173119.7,StrandBias:10.0,Multiplicity:6.50
0.001	0.997	0.001	0.001
0.445	0.553	0.001	0.001
0.001	0.001	0.997	0.001
0.285	0.446	0.001	0.269
0.001	0.997	0.001	0.001
0.001	0.997	0.001	0.001
0.001	0.001	0.001	0.997
0.001	0.001	0.997	0.001
>GMCCCCAG	18-GMCCCCAG	-3.810204	-188.651064	0	T:12569.0(72.15%),B:7771.0(61.61%),P:1e-81	Tpos:156199.0,Tstd:451284.2,Bpos:71857.7,Bstd:170164.4,StrandBias:10.0,Multiplicity:6.79
0.001	0.001	0.997	0.001
0.568	0.430	0.001	0.001
0.001	0.997	0.001	0.001
0.001	0.997	0.001	0.001
0.001	0.997	0.001	0.001
0.001	0.997	0.001	0.001
0.790	0.001	0.208	0.001
0.001	0.343	0.655	0.001
>GGCCTACC	19-GGCCTACC	2.498166	-148.645326	0	T:7082.0(40.65%),B:3922.3(31.10%),P:1e-64	Tpos:146244.3,Tstd:435340.8,Bpos:72540.2,Bstd:168015.2,StrandBias:10.0,Multiplicity:3.50
0.001	0.001	0.927	0.071
0.001	0.001	0.997	0.001
0.001	0.997	0.001	0.001
0.359	0.586	0.054	0.001
0.108	0.367	0.001	0.524
0.962	0.036	0.001	0.001
0.001	0.962	0.036	0.001
0.001	0.997	0.001	0.001
>CTGCAGCT	20-CTGCAGCT	6.380451	-131.133944	0	T:4366.0(25.06%),B:2196.8(17.42%),P:1e-56	Tpos:133132.8,Tstd:399777.7,Bpos:108603.3,Bstd:207445.2,StrandBias:10.0,Multiplicity:3.70
0.051	0.658	0.128	0.163
0.011	0.001	0.178	0.810
0.043	0.071	0.857	0.029
0.200	0.584	0.011	0.205
0.956	0.006	0.023	0.015
0.074	0.186	0.474	0.265
0.025	0.911	0.028	0.036
0.002	0.033	0.001	0.964
>TTTGCACA	21-TTTGCACA	-0.886780	-131.028647	0	T:11976.0(68.75%),B:7545.7(59.83%),P:1e-56	Tpos:143744.6,Tstd:405237.6,Bpos:115057.4,Bstd:217544.6,StrandBias:10.0,Multiplicity:13.12
0.090	0.001	0.001	0.908
0.001	0.090	0.001	0.908
0.001	0.001	0.090	0.908
0.001	0.001	0.947	0.051
0.001	0.908	0.001	0.090
0.997	0.001	0.001	0.001
0.001	0.997	0.001	0.001
0.997	0.001	0.001	0.001
>GAATGTAA	22-GAATGTAA	4.161567	-86.998798	0	T:3819.0(21.92%),B:2016.5(15.99%),P:1e-37	Tpos:133308.2,Tstd:372741.0,Bpos:132267.6,Bstd:235764.7,StrandBias:10.0,Multiplicity:5.14
0.001	0.001	0.997	0.001
0.997	0.001	0.001	0.001
0.997	0.001	0.001	0.001
0.001	0.001	0.001	0.997
0.001	0.001	0.997	0.001
0.001	0.001	0.001	0.997
0.997	0.001	0.001	0.001
0.997	0.001	0.001	0.001
>AGGGCTCA	23-AGGGCTCA	6.231927	-84.310287	0	T:5963.0(34.23%),B:3450.6(27.36%),P:1e-36	Tpos:151536.7,Tstd:434754.8,Bpos:94758.6,Bstd:194281.2,StrandBias:10.0,Multiplicity:4.47
0.710	0.001	0.001	0.288
0.001	0.088	0.910	0.001
0.326	0.168	0.492	0.013
0.231	0.203	0.456	0.110
0.224	0.456	0.089	0.231
0.001	0.001	0.001	0.997
0.001	0.853	0.001	0.145
0.997	0.001	0.001	0.001
>GTTTWCAA	24-GTTTWCAA	7.249603	-74.519612	0	T:2819.0(16.18%),B:1433.8(11.37%),P:1e-32	Tpos:124923.5,Tstd:370270.6,Bpos:120469.2,Bstd:221183.6,StrandBias:10.0,Multiplicity:4.63
0.001	0.002	0.996	0.001
0.001	0.001	0.001	0.997
0.009	0.006	0.004	0.981
0.333	0.045	0.001	0.621
0.413	0.261	0.020	0.306
0.218	0.493	0.001	0.289
0.797	0.196	0.001	0.006
0.696	0.177	0.126	0.001
>TTTTTTTT	25-TTTTTTTT	8.236954	-64.060245	0	T:2138.0(12.27%),B:1052.3(8.34%),P:1e-27	Tpos:116386.5,Tstd:384252.1,Bpos:99185.5,Bstd:188748.2,StrandBias:10.0,Multiplicity:4.92
0.100	0.100	0.100	0.700
0.100	0.100	0.100	0.700
0.100	0.100	0.100	0.700
0.100	0.100	0.100	0.700
0.100	0.100	0.100	0.700
0.100	0.100	0.100	0.700
0.100	0.100	0.100	0.700
0.100	0.100	0.100	0.700
