>AHGGAC	1-AHGGAC	4.561785	-161.448165	0	T:2448.0(48.96%),B:1195.6(30.45%),P:1e-70	Tpos:42384.2,Tstd:95738.1,Bpos:18351.1,Bstd:31817.4,StrandBias:10.0,Multiplicity:4.54
0.607	0.243	0.072	0.078
0.259	0.354	0.065	0.322
0.001	0.266	0.672	0.061
0.096	0.001	0.818	0.085
0.850	0.044	0.034	0.072
0.081	0.804	0.095	0.020
>CGACGA	2-CGACGA	4.221628	-145.890165	0	T:1910.0(38.20%),B:853.5(21.74%),P:1e-63	Tpos:26851.7,Tstd:76732.0,Bpos:14037.4,Bstd:28139.2,StrandBias:10.0,Multiplicity:3.56
0.001	0.869	0.129	0.001
0.095	0.001	0.851	0.053
0.734	0.001	0.224	0.041
0.144	0.611	0.116	0.129
0.038	0.001	0.960	0.001
0.619	0.001	0.352	0.028
>TCGTCG	3-TCGTCG	2.725558	-119.935129	0	T:2821.0(56.42%),B:1577.0(40.17%),P:1e-52	Tpos:38472.8,Tstd:89633.3,Bpos:18719.9,Bstd:33254.1,StrandBias:10.0,Multiplicity:6.54
0.046	0.085	0.001	0.868
0.001	0.937	0.038	0.024
0.085	0.109	0.784	0.022
0.059	0.020	0.189	0.732
0.055	0.845	0.001	0.099
0.056	0.053	0.890	0.001
>GGCCGT	4-GGCCGT	-1.793382	-102.680356	0	T:4076.0(81.52%),B:2693.2(68.60%),P:1e-44	Tpos:41441.4,Tstd:90583.9,Bpos:19559.5,Bstd:34035.7,StrandBias:10.0,Multiplicity:12.61
0.001	0.001	0.997	0.001
0.001	0.022	0.976	0.001
0.001	0.997	0.001	0.001
0.001	0.997	0.001	0.001
0.001	0.001	0.956	0.042
0.001	0.001	0.001	0.997
>GGCGGC	5-GGCGGC	1.845516	-100.507911	0	T:2997.0(59.94%),B:1771.5(45.13%),P:1e-43	Tpos:29774.2,Tstd:76112.1,Bpos:14965.6,Bstd:28932.4,StrandBias:10.0,Multiplicity:6.87
0.182	0.001	0.688	0.129
0.001	0.001	0.997	0.001
0.001	0.997	0.001	0.001
0.012	0.001	0.977	0.010
0.001	0.001	0.997	0.001
0.001	0.857	0.141	0.001
>CAGTTC	6-CAGTTC	5.045185	-97.935672	0	T:1822.0(36.44%),B:904.3(23.04%),P:1e-42	Tpos:50842.1,Tstd:100904.1,Bpos:25836.1,Bstd:38259.3,StrandBias:10.0,Multiplicity:5.27
0.170	0.828	0.001	0.001
0.932	0.001	0.066	0.001
0.001	0.001	0.997	0.001
0.001	0.001	0.001	0.997
0.101	0.001	0.001	0.897
0.001	0.778	0.220	0.001
>GAACGA	7-GAACGA	-1.389740	-90.211285	0	T:3468.0(69.36%),B:2190.9(55.81%),P:1e-39	Tpos:52643.7,Tstd:105036.7,Bpos:21727.9,Bstd:34889.2,StrandBias:10.0,Multiplicity:11.55
0.001	0.039	0.959	0.001
0.997	0.001	0.001	0.001
0.934	0.064	0.001	0.001
0.001	0.997	0.001	0.001
0.001	0.001	0.997	0.001
0.997	0.001	0.001	0.001
>GGTCGG	8-GGTCGG	-0.021829	-76.393437	0	T:3457.0(69.14%),B:2226.3(56.71%),P:1e-33	Tpos:33676.9,Tstd:80488.1,Bpos:17157.6,Bstd:31653.0,StrandBias:10.0,Multiplicity:8.87
0.001	0.001	0.997	0.001
0.001	0.001	0.997	0.001
0.001	0.001	0.001	0.997
0.001	0.968	0.001	0.030
0.001	0.249	0.749	0.001
0.001	0.001	0.997	0.001
>AGCGCC	9-AGCGCC	0.747462	-68.161163	0	T:3547.0(70.94%),B:2331.7(59.39%),P:1e-29	Tpos:34410.8,Tstd:85338.8,Bpos:15041.4,Bstd:29037.5,StrandBias:10.0,Multiplicity:7.78
0.852	0.146	0.001	0.001
0.001	0.001	0.997	0.001
0.001	0.997	0.001	0.001
0.154	0.001	0.844	0.001
0.001	0.852	0.146	0.001
0.001	0.844	0.154	0.001
>GCYCCC	10-GCYCCC	4.753126	-43.997593	0	T:2150.0(43.00%),B:1319.7(33.62%),P:1e-19	Tpos:34766.3,Tstd:89709.5,Bpos:14359.8,Bstd:27617.5,StrandBias:10.0,Multiplicity:3.29
0.031	0.006	0.947	0.016
0.001	0.911	0.001	0.087
0.001	0.334	0.236	0.429
0.001	0.903	0.095	0.001
0.098	0.770	0.131	0.001
0.110	0.796	0.006	0.088
>MDGVACG	1-MDGVACG	4.935131	-154.647232	0	T:2045.0(40.90%),B:926.8(23.61%),P:1e-67	Tpos:43072.5,Tstd:98283.6,Bpos:20385.4,Bstd:34090.4,StrandBias:10.0,Multiplicity:4.06
0.311	0.376	0.169	0.144
0.313	0.121	0.259	0.308
0.142	0.004	0.853	0.001
0.307	0.278	0.354	0.061
0.997	0.001	0.001	0.001
0.001	0.964	0.001	0.034
0.041	0.090	0.553	0.316
>CGACGRC	2-CGACGRC	3.918956	-112.149336	0	T:2537.0(50.74%),B:1381.5(35.19%),P:1e-48	Tpos:35619.9,Tstd:87903.0,Bpos:16944.2,Bstd:31249.0,StrandBias:10.0,Multiplicity:5.79
0.001	0.759	0.041	0.199
0.225	0.163	0.611	0.001
0.483	0.001	0.251	0.265
0.042	0.871	0.086	0.001
0.306	0.001	0.653	0.040
0.337	0.001	0.454	0.208
0.001	0.756	0.118	0.125
>GAAGAYG	3-GAAGAYG	3.006731	-111.959141	0	T:3706.0(74.12%),B:2331.2(59.38%),P:1e-48	Tpos:51619.5,Tstd:101886.7,Bpos:23640.3,Bstd:35912.7,StrandBias:10.0,Multiplicity:10.51
0.007	0.271	0.716	0.006
0.625	0.368	0.001	0.006
0.997	0.001	0.001	0.001
0.001	0.011	0.872	0.116
0.755	0.019	0.009	0.217
0.205	0.396	0.030	0.368
0.001	0.205	0.789	0.005
>GCTGCCG	4-GCTGCCG	4.295327	-106.688679	0	T:2816.0(56.32%),B:1610.3(41.02%),P:1e-46	Tpos:32044.0,Tstd:80300.7,Bpos:15791.9,Bstd:29329.0,StrandBias:10.0,Multiplicity:6.45
0.172	0.154	0.599	0.075
0.163	0.635	0.001	0.201
0.116	0.001	0.299	0.584
0.069	0.001	0.879	0.051
0.171	0.671	0.157	0.001
0.088	0.796	0.001	0.115
0.323	0.037	0.639	0.001
>CGCTGGT	5-CGCTGGT	-4.126474	-93.276976	0	T:3298.0(65.96%),B:2038.2(51.92%),P:1e-40	Tpos:42746.1,Tstd:92008.5,Bpos:20100.5,Bstd:34443.1,StrandBias:10.0,Multiplicity:8.49
0.001	0.997	0.001	0.001
0.001	0.001	0.997	0.001
0.001	0.997	0.001	0.001
0.001	0.001	0.001	0.997
0.001	0.001	0.997	0.001
0.001	0.038	0.960	0.001
0.001	0.001	0.001	0.997
>GGSCCSC	6-GGSCCSC	3.275998	-86.509328	0	T:3506.0(70.12%),B:2234.2(56.91%),P:1e-37	Tpos:27575.3,Tstd:74478.4,Bpos:13309.1,Bstd:26936.6,StrandBias:10.0,Multiplicity:7.91
0.001	0.269	0.495	0.235
0.069	0.286	0.539	0.106
0.106	0.323	0.416	0.155
0.106	0.786	0.079	0.029
0.149	0.743	0.104	0.004
0.080	0.476	0.332	0.111
0.119	0.550	0.266	0.065
>TGGTCCG	7-TGGTCCG	3.856370	-81.471102	0	T:3258.0(65.16%),B:2043.1(52.05%),P:1e-35	Tpos:39518.4,Tstd:87695.0,Bpos:20081.3,Bstd:34459.6,StrandBias:10.0,Multiplicity:8.47
0.099	0.107	0.159	0.635
0.058	0.001	0.720	0.221
0.001	0.001	0.997	0.001
0.001	0.001	0.392	0.606
0.128	0.528	0.001	0.343
0.001	0.997	0.001	0.001
0.097	0.102	0.605	0.196
>CGAGGAG	8-CGAGGAG	0.188537	-80.172136	0	T:3504.0(70.08%),B:2253.7(57.41%),P:1e-34	Tpos:45020.8,Tstd:96339.9,Bpos:18936.0,Bstd:32574.5,StrandBias:10.0,Multiplicity:9.18
0.001	0.997	0.001	0.001
0.001	0.001	0.997	0.001
0.997	0.001	0.001	0.001
0.112	0.001	0.796	0.091
0.193	0.110	0.696	0.001
0.997	0.001	0.001	0.001
0.001	0.001	0.954	0.044
>CVBRCGG	9-CVBRCGG	3.520190	-76.606476	0	T:2179.0(43.58%),B:1220.8(31.10%),P:1e-33	Tpos:25586.5,Tstd:75291.2,Bpos:11823.3,Bstd:25306.9,StrandBias:10.0,Multiplicity:3.83
0.166	0.743	0.090	0.001
0.306	0.280	0.303	0.111
0.126	0.333	0.310	0.231
0.257	0.228	0.383	0.132
0.068	0.571	0.191	0.170
0.037	0.175	0.715	0.073
0.061	0.207	0.565	0.167
>CGVAGCA	10-CGVAGCA	4.837275	-54.133869	0	T:1462.0(29.24%),B:783.6(19.96%),P:1e-23	Tpos:37149.6,Tstd:89251.3,Bpos:16527.0,Bstd:30803.7,StrandBias:10.0,Multiplicity:2.85
0.001	0.997	0.001	0.001
0.001	0.105	0.893	0.001
0.375	0.314	0.309	0.002
0.862	0.136	0.001	0.001
0.228	0.034	0.731	0.007
0.085	0.645	0.076	0.194
0.575	0.001	0.223	0.201
>CCRWCGGC	1-CCRWCGGC	4.452987	-139.210050	0	T:1425.0(28.50%),B:555.6(14.15%),P:1e-60	Tpos:24430.0,Tstd:73968.4,Bpos:13473.3,Bstd:26242.3,StrandBias:10.0,Multiplicity:2.41
0.316	0.590	0.042	0.052
0.056	0.635	0.275	0.034
0.342	0.063	0.391	0.203
0.441	0.081	0.143	0.335
0.027	0.795	0.100	0.078
0.106	0.068	0.759	0.067
0.364	0.048	0.550	0.038
0.037	0.623	0.292	0.048
>GCTGCCGC	2-GCTGCCGC	4.518733	-129.380661	0	T:2289.0(45.78%),B:1154.9(29.42%),P:1e-56	Tpos:22996.9,Tstd:68374.8,Bpos:13085.2,Bstd:26562.2,StrandBias:10.0,Multiplicity:4.26
0.158	0.090	0.673	0.079
0.165	0.610	0.067	0.158
0.194	0.230	0.179	0.397
0.101	0.008	0.828	0.063
0.025	0.706	0.168	0.101
0.128	0.476	0.140	0.256
0.137	0.092	0.743	0.028
0.155	0.579	0.221	0.045
>CGAAGAAG	3-CGAAGAAG	4.927429	-128.527253	0	T:1417.0(28.34%),B:570.7(14.54%),P:1e-55	Tpos:45307.0,Tstd:99240.9,Bpos:23131.9,Bstd:35327.3,StrandBias:10.0,Multiplicity:3.25
0.033	0.785	0.067	0.115
0.053	0.084	0.827	0.036
0.761	0.068	0.065	0.106
0.629	0.148	0.090	0.133
0.073	0.073	0.818	0.036
0.727	0.105	0.096	0.072
0.675	0.097	0.122	0.106
0.077	0.118	0.781	0.024
>CAGTTCDT	4-CAGTTCDT	4.927616	-118.797646	0	T:1984.0(39.68%),B:964.3(24.56%),P:1e-51	Tpos:53965.4,Tstd:104971.5,Bpos:26357.7,Bstd:37022.9,StrandBias:10.0,Multiplicity:6.31
0.001	0.732	0.183	0.084
0.953	0.045	0.001	0.001
0.001	0.001	0.997	0.001
0.001	0.001	0.001	0.997
0.106	0.259	0.043	0.592
0.001	0.802	0.001	0.196
0.427	0.001	0.280	0.293
0.001	0.178	0.137	0.684
>GGACTCGT	5-GGACTCGT	4.906918	-108.202139	0	T:1398.0(27.96%),B:599.5(15.27%),P:1e-46	Tpos:39085.6,Tstd:87049.9,Bpos:22017.2,Bstd:35409.6,StrandBias:10.0,Multiplicity:2.93
0.065	0.001	0.821	0.113
0.063	0.126	0.756	0.055
0.797	0.078	0.076	0.049
0.076	0.738	0.098	0.088
0.087	0.177	0.100	0.636
0.159	0.624	0.091	0.126
0.090	0.093	0.737	0.080
0.282	0.041	0.056	0.621
>AGGACCCG	6-AGGACCCG	-3.340792	-98.682235	0	T:3360.0(67.20%),B:2073.3(52.81%),P:1e-42	Tpos:33861.1,Tstd:83847.2,Bpos:14830.8,Bstd:28477.2,StrandBias:10.0,Multiplicity:6.87
0.899	0.099	0.001	0.001
0.001	0.001	0.997	0.001
0.001	0.001	0.997	0.001
0.734	0.261	0.001	0.004
0.001	0.997	0.001	0.001
0.001	0.997	0.001	0.001
0.001	0.997	0.001	0.001
0.001	0.253	0.745	0.001
>GGCGGCCA	7-GGCGGCCA	3.804238	-83.810289	0	T:2275.0(45.50%),B:1268.0(32.30%),P:1e-36	Tpos:40817.9,Tstd:89872.4,Bpos:19019.8,Bstd:33625.6,StrandBias:10.0,Multiplicity:4.84
0.123	0.056	0.820	0.001
0.257	0.001	0.599	0.143
0.001	0.997	0.001	0.001
0.162	0.042	0.717	0.079
0.001	0.001	0.997	0.001
0.130	0.726	0.001	0.143
0.001	0.737	0.001	0.261
0.895	0.001	0.001	0.103
>CGGAACGG	8-CGGAACGG	2.452128	-82.453021	0	T:2879.0(57.58%),B:1734.8(44.19%),P:1e-35	Tpos:37964.0,Tstd:87713.6,Bpos:17346.3,Bstd:31677.7,StrandBias:10.0,Multiplicity:6.85
0.087	0.847	0.065	0.001
0.001	0.001	0.921	0.077
0.011	0.001	0.977	0.011
0.931	0.057	0.001	0.011
0.774	0.032	0.171	0.023
0.001	0.753	0.189	0.057
0.077	0.001	0.862	0.060
0.011	0.001	0.977	0.011
>TCCTCGTC	9-TCCTCGTC	5.169570	-66.099152	0	T:1198.0(23.96%),B:570.1(14.52%),P:1e-28	Tpos:45277.9,Tstd:101119.8,Bpos:23368.8,Bstd:36146.0,StrandBias:10.0,Multiplicity:3.57
0.001	0.001	0.001	0.997
0.001	0.997	0.001	0.001
0.123	0.670	0.167	0.040
0.001	0.001	0.013	0.985
0.053	0.945	0.001	0.001
0.180	0.271	0.432	0.116
0.021	0.001	0.002	0.976
0.001	0.997	0.001	0.001
>CGCCGGAA	10-CGCCGGAA	3.225527	-53.242385	0	T:3129.0(62.58%),B:2042.0(52.02%),P:1e-23	Tpos:33746.0,Tstd:81415.1,Bpos:15896.0,Bstd:30930.1,StrandBias:10.0,Multiplicity:7.49
0.113	0.629	0.141	0.117
0.083	0.157	0.625	0.135
0.103	0.719	0.087	0.091
0.095	0.639	0.161	0.105
0.081	0.104	0.663	0.152
0.137	0.117	0.645	0.101
0.590	0.141	0.146	0.123
0.490	0.168	0.225	0.116
