>CCRWCGGC	1-CCRWCGGC	4.452987	-139.210050	0	T:1425.0(28.50%),B:555.6(14.15%),P:1e-60	Tpos:24430.0,Tstd:73968.4,Bpos:13473.3,Bstd:26242.3,StrandBias:10.0,Multiplicity:2.41
0.316	0.590	0.042	0.052
0.056	0.635	0.275	0.034
0.342	0.063	0.391	0.203
0.441	0.081	0.143	0.335
0.027	0.795	0.100	0.078
0.106	0.068	0.759	0.067
0.364	0.048	0.550	0.038
0.037	0.623	0.292	0.048
>GCTGCCGC	2-GCTGCCGC	4.518733	-129.380661	0	T:2289.0(45.78%),B:1154.9(29.42%),P:1e-56	Tpos:22996.9,Tstd:68374.8,Bpos:13085.2,Bstd:26562.2,StrandBias:10.0,Multiplicity:4.26
0.158	0.090	0.673	0.079
0.165	0.610	0.067	0.158
0.194	0.230	0.179	0.397
0.101	0.008	0.828	0.063
0.025	0.706	0.168	0.101
0.128	0.476	0.140	0.256
0.137	0.092	0.743	0.028
0.155	0.579	0.221	0.045
>CGAAGAAG	3-CGAAGAAG	4.927429	-128.527253	0	T:1417.0(28.34%),B:570.7(14.54%),P:1e-55	Tpos:45307.0,Tstd:99240.9,Bpos:23131.9,Bstd:35327.3,StrandBias:10.0,Multiplicity:3.25
0.033	0.785	0.067	0.115
0.053	0.084	0.827	0.036
0.761	0.068	0.065	0.106
0.629	0.148	0.090	0.133
0.073	0.073	0.818	0.036
0.727	0.105	0.096	0.072
0.675	0.097	0.122	0.106
0.077	0.118	0.781	0.024
>CAGTTCDT	4-CAGTTCDT	4.927616	-118.797646	0	T:1984.0(39.68%),B:964.3(24.56%),P:1e-51	Tpos:53965.4,Tstd:104971.5,Bpos:26357.7,Bstd:37022.9,StrandBias:10.0,Multiplicity:6.31
0.001	0.732	0.183	0.084
0.953	0.045	0.001	0.001
0.001	0.001	0.997	0.001
0.001	0.001	0.001	0.997
0.106	0.259	0.043	0.592
0.001	0.802	0.001	0.196
0.427	0.001	0.280	0.293
0.001	0.178	0.137	0.684
>GGACTCGT	5-GGACTCGT	4.906918	-108.202139	0	T:1398.0(27.96%),B:599.5(15.27%),P:1e-46	Tpos:39085.6,Tstd:87049.9,Bpos:22017.2,Bstd:35409.6,StrandBias:10.0,Multiplicity:2.93
0.065	0.001	0.821	0.113
0.063	0.126	0.756	0.055
0.797	0.078	0.076	0.049
0.076	0.738	0.098	0.088
0.087	0.177	0.100	0.636
0.159	0.624	0.091	0.126
0.090	0.093	0.737	0.080
0.282	0.041	0.056	0.621
>AGGACCCG	6-AGGACCCG	-3.340792	-98.682235	0	T:3360.0(67.20%),B:2073.3(52.81%),P:1e-42	Tpos:33861.1,Tstd:83847.2,Bpos:14830.8,Bstd:28477.2,StrandBias:10.0,Multiplicity:6.87
0.899	0.099	0.001	0.001
0.001	0.001	0.997	0.001
0.001	0.001	0.997	0.001
0.734	0.261	0.001	0.004
0.001	0.997	0.001	0.001
0.001	0.997	0.001	0.001
0.001	0.997	0.001	0.001
0.001	0.253	0.745	0.001
>GGCGGCCA	7-GGCGGCCA	3.804238	-83.810289	0	T:2275.0(45.50%),B:1268.0(32.30%),P:1e-36	Tpos:40817.9,Tstd:89872.4,Bpos:19019.8,Bstd:33625.6,StrandBias:10.0,Multiplicity:4.84
0.123	0.056	0.820	0.001
0.257	0.001	0.599	0.143
0.001	0.997	0.001	0.001
0.162	0.042	0.717	0.079
0.001	0.001	0.997	0.001
0.130	0.726	0.001	0.143
0.001	0.737	0.001	0.261
0.895	0.001	0.001	0.103
>CGGAACGG	8-CGGAACGG	2.452128	-82.453021	0	T:2879.0(57.58%),B:1734.8(44.19%),P:1e-35	Tpos:37964.0,Tstd:87713.6,Bpos:17346.3,Bstd:31677.7,StrandBias:10.0,Multiplicity:6.85
0.087	0.847	0.065	0.001
0.001	0.001	0.921	0.077
0.011	0.001	0.977	0.011
0.931	0.057	0.001	0.011
0.774	0.032	0.171	0.023
0.001	0.753	0.189	0.057
0.077	0.001	0.862	0.060
0.011	0.001	0.977	0.011
>TCCTCGTC	9-TCCTCGTC	5.169570	-66.099152	0	T:1198.0(23.96%),B:570.1(14.52%),P:1e-28	Tpos:45277.9,Tstd:101119.8,Bpos:23368.8,Bstd:36146.0,StrandBias:10.0,Multiplicity:3.57
0.001	0.001	0.001	0.997
0.001	0.997	0.001	0.001
0.123	0.670	0.167	0.040
0.001	0.001	0.013	0.985
0.053	0.945	0.001	0.001
0.180	0.271	0.432	0.116
0.021	0.001	0.002	0.976
0.001	0.997	0.001	0.001
>CGCCGGAA	10-CGCCGGAA	3.225527	-53.242385	0	T:3129.0(62.58%),B:2042.0(52.02%),P:1e-23	Tpos:33746.0,Tstd:81415.1,Bpos:15896.0,Bstd:30930.1,StrandBias:10.0,Multiplicity:7.49
0.113	0.629	0.141	0.117
0.083	0.157	0.625	0.135
0.103	0.719	0.087	0.091
0.095	0.639	0.161	0.105
0.081	0.104	0.663	0.152
0.137	0.117	0.645	0.101
0.590	0.141	0.146	0.123
0.490	0.168	0.225	0.116
