>MDGVACG	1-MDGVACG	4.935131	-154.647232	0	T:2045.0(40.90%),B:926.8(23.61%),P:1e-67	Tpos:43072.5,Tstd:98283.6,Bpos:20385.4,Bstd:34090.4,StrandBias:10.0,Multiplicity:4.06
0.311	0.376	0.169	0.144
0.313	0.121	0.259	0.308
0.142	0.004	0.853	0.001
0.307	0.278	0.354	0.061
0.997	0.001	0.001	0.001
0.001	0.964	0.001	0.034
0.041	0.090	0.553	0.316
>CGACGRC	2-CGACGRC	3.918956	-112.149336	0	T:2537.0(50.74%),B:1381.5(35.19%),P:1e-48	Tpos:35619.9,Tstd:87903.0,Bpos:16944.2,Bstd:31249.0,StrandBias:10.0,Multiplicity:5.79
0.001	0.759	0.041	0.199
0.225	0.163	0.611	0.001
0.483	0.001	0.251	0.265
0.042	0.871	0.086	0.001
0.306	0.001	0.653	0.040
0.337	0.001	0.454	0.208
0.001	0.756	0.118	0.125
>GAAGAYG	3-GAAGAYG	3.006731	-111.959141	0	T:3706.0(74.12%),B:2331.2(59.38%),P:1e-48	Tpos:51619.5,Tstd:101886.7,Bpos:23640.3,Bstd:35912.7,StrandBias:10.0,Multiplicity:10.51
0.007	0.271	0.716	0.006
0.625	0.368	0.001	0.006
0.997	0.001	0.001	0.001
0.001	0.011	0.872	0.116
0.755	0.019	0.009	0.217
0.205	0.396	0.030	0.368
0.001	0.205	0.789	0.005
>GCTGCCG	4-GCTGCCG	4.295327	-106.688679	0	T:2816.0(56.32%),B:1610.3(41.02%),P:1e-46	Tpos:32044.0,Tstd:80300.7,Bpos:15791.9,Bstd:29329.0,StrandBias:10.0,Multiplicity:6.45
0.172	0.154	0.599	0.075
0.163	0.635	0.001	0.201
0.116	0.001	0.299	0.584
0.069	0.001	0.879	0.051
0.171	0.671	0.157	0.001
0.088	0.796	0.001	0.115
0.323	0.037	0.639	0.001
>CGCTGGT	5-CGCTGGT	-4.126474	-93.276976	0	T:3298.0(65.96%),B:2038.2(51.92%),P:1e-40	Tpos:42746.1,Tstd:92008.5,Bpos:20100.5,Bstd:34443.1,StrandBias:10.0,Multiplicity:8.49
0.001	0.997	0.001	0.001
0.001	0.001	0.997	0.001
0.001	0.997	0.001	0.001
0.001	0.001	0.001	0.997
0.001	0.001	0.997	0.001
0.001	0.038	0.960	0.001
0.001	0.001	0.001	0.997
>GGSCCSC	6-GGSCCSC	3.275998	-86.509328	0	T:3506.0(70.12%),B:2234.2(56.91%),P:1e-37	Tpos:27575.3,Tstd:74478.4,Bpos:13309.1,Bstd:26936.6,StrandBias:10.0,Multiplicity:7.91
0.001	0.269	0.495	0.235
0.069	0.286	0.539	0.106
0.106	0.323	0.416	0.155
0.106	0.786	0.079	0.029
0.149	0.743	0.104	0.004
0.080	0.476	0.332	0.111
0.119	0.550	0.266	0.065
>TGGTCCG	7-TGGTCCG	3.856370	-81.471102	0	T:3258.0(65.16%),B:2043.1(52.05%),P:1e-35	Tpos:39518.4,Tstd:87695.0,Bpos:20081.3,Bstd:34459.6,StrandBias:10.0,Multiplicity:8.47
0.099	0.107	0.159	0.635
0.058	0.001	0.720	0.221
0.001	0.001	0.997	0.001
0.001	0.001	0.392	0.606
0.128	0.528	0.001	0.343
0.001	0.997	0.001	0.001
0.097	0.102	0.605	0.196
>CGAGGAG	8-CGAGGAG	0.188537	-80.172136	0	T:3504.0(70.08%),B:2253.7(57.41%),P:1e-34	Tpos:45020.8,Tstd:96339.9,Bpos:18936.0,Bstd:32574.5,StrandBias:10.0,Multiplicity:9.18
0.001	0.997	0.001	0.001
0.001	0.001	0.997	0.001
0.997	0.001	0.001	0.001
0.112	0.001	0.796	0.091
0.193	0.110	0.696	0.001
0.997	0.001	0.001	0.001
0.001	0.001	0.954	0.044
>CVBRCGG	9-CVBRCGG	3.520190	-76.606476	0	T:2179.0(43.58%),B:1220.8(31.10%),P:1e-33	Tpos:25586.5,Tstd:75291.2,Bpos:11823.3,Bstd:25306.9,StrandBias:10.0,Multiplicity:3.83
0.166	0.743	0.090	0.001
0.306	0.280	0.303	0.111
0.126	0.333	0.310	0.231
0.257	0.228	0.383	0.132
0.068	0.571	0.191	0.170
0.037	0.175	0.715	0.073
0.061	0.207	0.565	0.167
>CGVAGCA	10-CGVAGCA	4.837275	-54.133869	0	T:1462.0(29.24%),B:783.6(19.96%),P:1e-23	Tpos:37149.6,Tstd:89251.3,Bpos:16527.0,Bstd:30803.7,StrandBias:10.0,Multiplicity:2.85
0.001	0.997	0.001	0.001
0.001	0.105	0.893	0.001
0.375	0.314	0.309	0.002
0.862	0.136	0.001	0.001
0.228	0.034	0.731	0.007
0.085	0.645	0.076	0.194
0.575	0.001	0.223	0.201
