>AHGGAC	1-AHGGAC	4.561785	-161.448165	0	T:2448.0(48.96%),B:1195.6(30.45%),P:1e-70	Tpos:42384.2,Tstd:95738.1,Bpos:18351.1,Bstd:31817.4,StrandBias:10.0,Multiplicity:4.54
0.607	0.243	0.072	0.078
0.259	0.354	0.065	0.322
0.001	0.266	0.672	0.061
0.096	0.001	0.818	0.085
0.850	0.044	0.034	0.072
0.081	0.804	0.095	0.020
>CGACGA	2-CGACGA	4.221628	-145.890165	0	T:1910.0(38.20%),B:853.5(21.74%),P:1e-63	Tpos:26851.7,Tstd:76732.0,Bpos:14037.4,Bstd:28139.2,StrandBias:10.0,Multiplicity:3.56
0.001	0.869	0.129	0.001
0.095	0.001	0.851	0.053
0.734	0.001	0.224	0.041
0.144	0.611	0.116	0.129
0.038	0.001	0.960	0.001
0.619	0.001	0.352	0.028
>TCGTCG	3-TCGTCG	2.725558	-119.935129	0	T:2821.0(56.42%),B:1577.0(40.17%),P:1e-52	Tpos:38472.8,Tstd:89633.3,Bpos:18719.9,Bstd:33254.1,StrandBias:10.0,Multiplicity:6.54
0.046	0.085	0.001	0.868
0.001	0.937	0.038	0.024
0.085	0.109	0.784	0.022
0.059	0.020	0.189	0.732
0.055	0.845	0.001	0.099
0.056	0.053	0.890	0.001
>GGCCGT	4-GGCCGT	-1.793382	-102.680356	0	T:4076.0(81.52%),B:2693.2(68.60%),P:1e-44	Tpos:41441.4,Tstd:90583.9,Bpos:19559.5,Bstd:34035.7,StrandBias:10.0,Multiplicity:12.61
0.001	0.001	0.997	0.001
0.001	0.022	0.976	0.001
0.001	0.997	0.001	0.001
0.001	0.997	0.001	0.001
0.001	0.001	0.956	0.042
0.001	0.001	0.001	0.997
>GGCGGC	5-GGCGGC	1.845516	-100.507911	0	T:2997.0(59.94%),B:1771.5(45.13%),P:1e-43	Tpos:29774.2,Tstd:76112.1,Bpos:14965.6,Bstd:28932.4,StrandBias:10.0,Multiplicity:6.87
0.182	0.001	0.688	0.129
0.001	0.001	0.997	0.001
0.001	0.997	0.001	0.001
0.012	0.001	0.977	0.010
0.001	0.001	0.997	0.001
0.001	0.857	0.141	0.001
>CAGTTC	6-CAGTTC	5.045185	-97.935672	0	T:1822.0(36.44%),B:904.3(23.04%),P:1e-42	Tpos:50842.1,Tstd:100904.1,Bpos:25836.1,Bstd:38259.3,StrandBias:10.0,Multiplicity:5.27
0.170	0.828	0.001	0.001
0.932	0.001	0.066	0.001
0.001	0.001	0.997	0.001
0.001	0.001	0.001	0.997
0.101	0.001	0.001	0.897
0.001	0.778	0.220	0.001
>GAACGA	7-GAACGA	-1.389740	-90.211285	0	T:3468.0(69.36%),B:2190.9(55.81%),P:1e-39	Tpos:52643.7,Tstd:105036.7,Bpos:21727.9,Bstd:34889.2,StrandBias:10.0,Multiplicity:11.55
0.001	0.039	0.959	0.001
0.997	0.001	0.001	0.001
0.934	0.064	0.001	0.001
0.001	0.997	0.001	0.001
0.001	0.001	0.997	0.001
0.997	0.001	0.001	0.001
>GGTCGG	8-GGTCGG	-0.021829	-76.393437	0	T:3457.0(69.14%),B:2226.3(56.71%),P:1e-33	Tpos:33676.9,Tstd:80488.1,Bpos:17157.6,Bstd:31653.0,StrandBias:10.0,Multiplicity:8.87
0.001	0.001	0.997	0.001
0.001	0.001	0.997	0.001
0.001	0.001	0.001	0.997
0.001	0.968	0.001	0.030
0.001	0.249	0.749	0.001
0.001	0.001	0.997	0.001
>AGCGCC	9-AGCGCC	0.747462	-68.161163	0	T:3547.0(70.94%),B:2331.7(59.39%),P:1e-29	Tpos:34410.8,Tstd:85338.8,Bpos:15041.4,Bstd:29037.5,StrandBias:10.0,Multiplicity:7.78
0.852	0.146	0.001	0.001
0.001	0.001	0.997	0.001
0.001	0.997	0.001	0.001
0.154	0.001	0.844	0.001
0.001	0.852	0.146	0.001
0.001	0.844	0.154	0.001
>GCYCCC	10-GCYCCC	4.753126	-43.997593	0	T:2150.0(43.00%),B:1319.7(33.62%),P:1e-19	Tpos:34766.3,Tstd:89709.5,Bpos:14359.8,Bstd:27617.5,StrandBias:10.0,Multiplicity:3.29
0.031	0.006	0.947	0.016
0.001	0.911	0.001	0.087
0.001	0.334	0.236	0.429
0.001	0.903	0.095	0.001
0.098	0.770	0.131	0.001
0.110	0.796	0.006	0.088
